    0.03200906
   -0.30587848
    0.11399086
   -0.07316974
    0.06068265
   -0.14452831
    0.22342386
   -0.27178966
    0.05349818
    0.04403907
   -0.16617420
    0.16176810
   -0.21185287
    0.08647961
   -0.03636213
   -0.02357784
   -0.03322048
   -0.03083484
   -0.01615304
    0.17657247
   -0.44730463
   -0.11601986
   -0.11582298
   -0.30143834
   -0.06808258
   -0.06610791
    0.03969506
   -0.11322261
   -0.00275202
    0.00402548
   -0.18063771
   -0.03314656
   -0.00231116
   -0.00070259
    0.04028838
    0.03827528
    0.05763718
    0.08341304
    0.20946198
    0.06694045
    0.23619096
    0.06582825
    0.04977730
    0.04364661
    0.04643268
    0.06516941
    0.06092981
    0.07706164
    0.07850950
    0.07183196
    0.05830861
    0.04034321
    0.03974052
    0.05369456
    0.05446331
    0.04074983
    0.01910759
    0.04001446
    0.03948116
    0.01479198
    0.04642658
    0.03967343
    0.02705153
    0.04322109
    1.05017665
    1.55002977
    1.04361630
    1.37724122
    1.11679515
    1.02092701
    0.87817661
    1.34610331
    1.00220418
    1.09273216
    1.18588579
    1.02099691
   -0.25740304
   -0.25770862
   -0.01892713
   -0.21268090
   -0.22844794
   -0.34613428
   -0.40414155
   -0.84953230
   -0.88314346
   -0.95677650
   -1.00527476
   -0.91415671
   -0.82056736
   -0.79794549
   -0.63830030
   -0.86494734
   -0.80013938
   -0.94495264
   -0.96702335
   -0.81794344
   -0.78229472
