           1           2  0.967804450274780     
           2           3   1.01711323426127     
           3           4   1.40936447258946     
           4           5   1.36467305405601     
           5           6   1.08791860962059     
           6           7   1.17607192381315     
           7           8   1.32684488876996     
           8           9   1.40206593962707     
           9          10   1.43065417681030     
          10          11  0.974840095180744     
          10          12   1.28667227843284     
          12          13   1.13208973341499     
          13          14   1.12344987903126     
          14          15   1.35613751096350     
          15          16   1.46007587352539     
          16          17   1.41703391004561     
          15          18  0.108614646032903     
          17          18   1.44984258903721     
          14          19   1.30923232078843     
          18          19   1.38539651030149     
          19          20  0.978045318656010     
          20          21   1.90961626986390     
          20          22  0.999330055826782     
          20          23  0.997951725917193     
           7          24   1.31004859899468     
          12          24   1.36208901901346     
           5          25   1.35355871080212     
          25          26   1.44980887156089     
           3          27   1.31552692794567     
          26          27   1.37797887885833     
          27          28   1.07284006720977     
          28          29  0.969595046504608     
          29          30   1.00488105424285     
          30          31  0.995142525836334     
          31          32   1.01688486292736     
          31          33  0.998189876555394     
          28          34  0.994408304785340     
          33          34  0.991416192793685     
           1          35  0.982601702884391     
           1          36  0.978758927925314     
           1          37  0.979870764292652     
           4          38  0.958496226500343     
           6          39  0.929885537468431     
           9          40  0.959533037177161     
          13          41  0.847918157085576     
          15          42  0.957402405892898     
          16          43  0.969359845270252     
          17          44  0.969309402353273     
          18          45  0.962662147569952     
          22          46  0.959946958029098     
          22          47  0.949595775906017     
          22          48  0.953866765069442     
          23          49  0.953704303530418     
          23          50  0.960487202385367     
          23          51  0.949861379313823     
          25          52  0.968232103751846     
          26          53  0.966207215096289     
          29          54  0.972882274673169     
          29          55  0.969377791362916     
          30          56  0.968728203178752     
          30          57  0.971841788602455     
          32          58  0.975668234215489     
          32          59  0.982244920361392     
          32          60  0.982912727772762     
          33          61  0.971806627747662     
          33          62  0.973806092083307     
          34          63  0.969896934080079     
          34          64  0.971014201928234     
          65          66  0.202350601821929     
          66          67  0.188089112932342     
          65          68  0.197583676860719     
          66          69  0.139481341256725     
          66          70  0.133725569810839     
          68          70  0.212141886937118     
          69          70  0.172214691359097     
          65          71  0.332400530604597     
          67          71  0.140347017077012     
          71          72  0.608242085403001     
          67          73  0.371752645908970     
          72          73  0.166054540136063     
          68          74  0.177746986743780     
          72          74  0.140421034113100     
          69          75  0.283700861639309     
          73          75  0.129812833009996     
          72          76  0.146987861485488     
          73          76  0.220620574015532     
          74          76  0.199375997608772     
          75          76  0.209918231003033     
          68          77  0.721253999534276     
          74          77  0.154265245843758     
          69          78  0.151573965461327     
          75          78  0.670438447803459     
          74          80  0.724584347360365     
          77          80   2.73932531173576     
          69          81  0.742678068456003     
          78          81   2.73213824388640     
          69          82  0.158064393004845     
          74          82   1.05999964212441     
          75          82  0.141435783445095     
          79          82   2.00670310989346     
          69          83  0.890738164272420     
          74          83  0.235135596881162     
          75          83  0.653098499352760     
          79          83   1.60511019003927     
          65          84  0.843980875009215     
          68          84  0.705901428686634     
          71          84  0.146885752776341     
          65          85  0.815656633429196     
          66          85  0.750880835532951     
          70          85  0.122572343291141     
          66          86  0.691235993563921     
          67          86  0.599404839957179     
          71          86  0.152453384219107     
          66          87  0.605851223447276     
          68          87  0.564163430741844     
          66          88  0.747263524765386     
          67          88  0.109869134337578     
          69          88  0.601870986970889     
          68          89  0.934794221275550     
          70          89  0.713432089705971     
          69          90  0.774938520452279     
          70          90  0.970253037520400     
          71          91   1.99736610048265     
          72          92  0.753511206476992     
          73          92  0.835230756136995     
          67          93  0.962249976018658     
          73          93  0.764681981415971     
          75          93  0.113530847898360     
          68          94  0.124998819951405     
          71          94  0.111833729439201     
          72          94  0.801859993013410     
          74          94  0.440885655539674     
          72          95  0.715251796416510     
          75          95  0.441549766985709     
          72          96  0.195878246486329     
          74          96  0.615269391993865     
          76          96  0.900453609207602     
          75          97  0.967236489790742     
          76          97  0.734713771412913     
