&CONTROL
  calculation = 'relax'
  prefix = 'c_Procarbazine'
  outdir = './tmp'
  pseudo_dir = '/home/andres/pseudo/SSSP_1.3.0_PBE_efficiency'
  forc_conv_thr = 2.0d-3
  etot_conv_thr = 1.0d-4
  nstep = 200
/
&SYSTEM
  ibrav = 0
  nat = 147
  ntyp = 5
  ecutwfc = 50
  ecutrho = 400
  occupations = 'smearing'
  smearing = 'mv'
  degauss = 0.01
  vdw_corr = 'dft-d3'
  nosym = .true.
/
&ELECTRONS
  conv_thr = 1.0d-7
  mixing_beta = 0.3
  electron_maxstep = 200
/
&IONS
  ion_dynamics = 'bfgs'
/
ATOMIC_SPECIES
  Ti 47.867 ti_pbe_v1.4.uspp.F.UPF
  C 12.011 C.pbe-n-kjpaw_psl.1.0.0.UPF
  O 15.999 O.pbe-n-kjpaw_psl.0.1.UPF
  N 14.007 N.pbe-n-radius_5.UPF
  H 1.008 H.pbe-rrkjus_psl.1.0.0.UPF
CELL_PARAMETERS angstrom
  12.12000000 0.00000000 0.00000000
  6.06000000 10.49622789 0.00000000
  0.00000000 0.00000000 26.60000000
ATOMIC_POSITIONS angstrom
  Ti 0.000000 0.000000 13.300000
  C 1.515000 0.874686 14.450000
  C 3.030000 1.749371 12.150000  0 0 0
  Ti 3.030000 1.749371 15.630000
  Ti 1.515000 0.874686 10.970000  0 0 0
  O 0.000000 0.000000 16.600000
  O 0.000000 0.000000 10.000000  0 0 0
  Ti 1.515000 2.624057 13.300000
  C 3.030000 3.498743 14.450000
  C 4.545000 4.373428 12.150000  0 0 0
  Ti 4.545000 4.373428 15.630000
  Ti 3.030000 3.498743 10.970000  0 0 0
  O 1.515000 2.624057 16.600000
  O 1.515000 2.624057 10.000000  0 0 0
  Ti 3.030000 5.248114 13.300000
  C 4.545000 6.122800 14.450000
  C 6.060000 6.997485 12.150000  0 0 0
  Ti 6.060000 6.997485 15.630000
  Ti 4.545000 6.122800 10.970000  0 0 0
  O 3.030000 5.248114 16.600000
  O 3.030000 5.248114 10.000000  0 0 0
  Ti 4.545000 7.872171 13.300000
  C 6.060000 8.746857 14.450000
  C 7.575000 9.621542 12.150000  0 0 0
  Ti 7.575000 9.621542 15.630000
  Ti 6.060000 8.746857 10.970000  0 0 0
  O 4.545000 7.872171 16.600000
  O 4.545000 7.872171 10.000000  0 0 0
  Ti 3.030000 0.000000 13.300000
  C 4.545000 0.874686 14.450000
  C 6.060000 1.749371 12.150000  0 0 0
  Ti 6.060000 1.749371 15.630000
  Ti 4.545000 0.874686 10.970000  0 0 0
  O 3.030000 0.000000 16.600000
  O 3.030000 0.000000 10.000000  0 0 0
  Ti 4.545000 2.624057 13.300000
  C 6.060000 3.498743 14.450000
  C 7.575000 4.373428 12.150000  0 0 0
  Ti 7.575000 4.373428 15.630000
  Ti 6.060000 3.498743 10.970000  0 0 0
  O 4.545000 2.624057 16.600000
  O 4.545000 2.624057 10.000000  0 0 0
  Ti 6.060000 5.248114 13.300000
  C 7.575000 6.122800 14.450000
  C 9.090000 6.997485 12.150000  0 0 0
  Ti 9.090000 6.997485 15.630000
  Ti 7.575000 6.122800 10.970000  0 0 0
  O 6.060000 5.248114 16.600000
  O 6.060000 5.248114 10.000000  0 0 0
  Ti 7.575000 7.872171 13.300000
  C 9.090000 8.746857 14.450000
  C 10.605000 9.621542 12.150000  0 0 0
  Ti 10.605000 9.621542 15.630000
  Ti 9.090000 8.746857 10.970000  0 0 0
  O 7.575000 7.872171 16.600000
  O 7.575000 7.872171 10.000000  0 0 0
  Ti 6.060000 0.000000 13.300000
  C 7.575000 0.874686 14.450000
  C 9.090000 1.749371 12.150000  0 0 0
  Ti 9.090000 1.749371 15.630000
  Ti 7.575000 0.874686 10.970000  0 0 0
  O 6.060000 0.000000 16.600000
  O 6.060000 0.000000 10.000000  0 0 0
  Ti 7.575000 2.624057 13.300000
  C 9.090000 3.498743 14.450000
  C 10.605000 4.373428 12.150000  0 0 0
  Ti 10.605000 4.373428 15.630000
  Ti 9.090000 3.498743 10.970000  0 0 0
  O 7.575000 2.624057 16.600000
  O 7.575000 2.624057 10.000000  0 0 0
  Ti 9.090000 5.248114 13.300000
  C 10.605000 6.122800 14.450000
  C 12.120000 6.997485 12.150000  0 0 0
  Ti 12.120000 6.997485 15.630000
  Ti 10.605000 6.122800 10.970000  0 0 0
  O 9.090000 5.248114 16.600000
  O 9.090000 5.248114 10.000000  0 0 0
  Ti 10.605000 7.872171 13.300000
  C 12.120000 8.746857 14.450000
  C 13.635000 9.621542 12.150000  0 0 0
  Ti 13.635000 9.621542 15.630000
  Ti 12.120000 8.746857 10.970000  0 0 0
  O 10.605000 7.872171 16.600000
  O 10.605000 7.872171 10.000000  0 0 0
  Ti 9.090000 0.000000 13.300000
  C 10.605000 0.874686 14.450000
  C 12.120000 1.749371 12.150000  0 0 0
  Ti 12.120000 1.749371 15.630000
  Ti 10.605000 0.874686 10.970000  0 0 0
  O 9.090000 0.000000 16.600000
  O 9.090000 0.000000 10.000000  0 0 0
  Ti 10.605000 2.624057 13.300000
  C 12.120000 3.498743 14.450000
  C 13.635000 4.373428 12.150000  0 0 0
  Ti 13.635000 4.373428 15.630000
  Ti 12.120000 3.498743 10.970000  0 0 0
  O 10.605000 2.624057 16.600000
  O 10.605000 2.624057 10.000000  0 0 0
  Ti 12.120000 5.248114 13.300000
  C 13.635000 6.122800 14.450000
  C 15.150000 6.997485 12.150000  0 0 0
  Ti 15.150000 6.997485 15.630000
  Ti 13.635000 6.122800 10.970000  0 0 0
  O 12.120000 5.248114 16.600000
  O 12.120000 5.248114 10.000000  0 0 0
  Ti 13.635000 7.872171 13.300000
  C 15.150000 8.746857 14.450000
  C 16.665000 9.621542 12.150000  0 0 0
  Ti 16.665000 9.621542 15.630000
  Ti 15.150000 8.746857 10.970000  0 0 0
  O 13.635000 7.872171 16.600000
  O 13.635000 7.872171 10.000000  0 0 0
  C 2.705522 6.056240 20.147059
  N 3.514100 5.423264 21.189760
  N 4.909261 5.456768 20.777829
  C 5.727976 4.766675 21.786474
  C 7.180767 4.735092 21.367635
  C 7.948876 5.909349 21.384492
  C 9.288561 5.891095 20.985781
  C 9.878361 4.691947 20.569103
  C 11.301082 4.621297 20.133697
  O 11.660342 3.757678 19.341664
  N 12.158863 5.544707 20.699744
  C 13.594072 5.491410 20.457654
  C 14.209938 6.869842 20.674020
  C 14.255464 4.454574 21.363106
  C 9.110952 3.522089 20.528847
  C 7.771956 3.542771 20.927626
  H 2.781737 5.511255 19.200000
  H 3.001186 7.098669 19.986187
  H 1.653500 6.046305 20.448882
  H 3.381919 5.959134 22.053772
  H 5.039215 4.956754 19.892041
  H 5.656982 5.278528 22.754954
  H 5.364635 3.741940 21.938146
  H 7.493700 6.849121 21.692815
  H 9.844160 6.824195 20.975510
  H 11.845030 6.038964 21.523932
  H 13.753231 5.195553 19.413757
  H 15.284407 6.856116 20.464058
  H 14.067056 7.212906 21.704835
  H 13.744604 7.609536 20.013347
  H 13.839304 3.456572 21.189081
  H 14.099437 4.695639 22.420556
  H 15.333666 4.406273 21.178671
  H 9.556132 2.590022 20.185471
  H 7.194007 2.621710 20.887286
K_POINTS gamma
