   -0.10694951
    0.01353828
   -0.18809422
    0.00123261
    0.00156377
   -0.18681674
    0.00323017
   -0.00467379
   -0.02036113
   -0.06287634
    0.15341318
   -0.13705162
    0.23096000
   -0.27468374
    0.04806771
    0.13611913
   -0.21053397
    0.16087686
   -0.16985726
    0.16357332
   -0.06098245
   -0.00643518
   -0.00139466
    0.10813878
   -0.23072625
    0.10662589
   -0.01017064
   -0.10889051
   -0.10255121
   -0.24700595
   -0.31375419
   -0.26273422
    0.04547403
   -0.00198099
    0.00072615
    0.03548875
    0.03609212
    0.04650582
    0.03132514
    0.01333635
    0.02939652
    0.03099484
    0.02887632
    0.03191505
    0.02360916
    0.04475383
    0.05544835
    0.06712438
    0.21250195
    0.07055153
    0.20051413
    0.04642739
    0.04900153
    0.04383705
    0.05405870
    0.04296616
    0.04100983
    0.03484803
    0.04647910
    0.04857475
    0.04294289
    0.03098660
    0.03444668
    0.03008366
    0.03662763
    1.05175568
    1.55045140
    1.04840361
    1.37910431
    1.12049807
    1.04198462
    0.88131672
    1.34808619
    1.00759015
    1.09616268
    1.18892668
    1.02521803
   -0.25741465
   -0.25521933
   -0.01949013
   -0.20968377
   -0.22443110
   -0.34642380
   -0.40440856
   -0.84699945
   -0.87976935
   -0.95549268
   -1.00676014
   -0.91240293
   -0.82066062
   -0.79549676
   -0.63525884
   -0.86394811
   -0.79916675
   -0.94553252
   -0.96895514
   -0.81690220
   -0.78082087
