           1           2   1.00667248010090     
           2           3   1.00341567908150     
           3           4   1.00121748673074     
           4           5  0.999925051265509     
           5           6  0.997356839654046     
           6           7  0.995015730463511     
           7           8   1.00415144029670     
           8           9   1.38901768547851     
           9          10   1.46784751059781     
          10          11   1.35564044858824     
          11          12   1.06061647828952     
          12          13   1.15108292327721     
          13          14   1.34920600499461     
          14          15   1.41085808762661     
          15          16   1.41905673412513     
          16          17  0.957170204767346     
          16          18   1.29448446840384     
          18          19   1.11795166009713     
          19          20   1.11994922358432     
          20          21   1.33922508502444     
          21          22   1.47520188504715     
          22          23   1.34701194328563     
          23          24   1.08868422658979     
          24          25   2.79674924422581     
          23          26   1.33643489774974     
          26          27  0.996572260060161     
          27          28  0.988030316584282     
          27          29   1.00035206520240     
          20          30   1.35518457255526     
          26          30   1.40493905293876     
          13          31   1.32341730929846     
          18          31   1.36456693749108     
           9          32  0.101355092359851     
          11          32   1.38748187527506     
           8          33   1.42107610887329     
          10          33  0.110642430398017     
          32          33   1.41641153085427     
           6          34  0.997284305674598     
           3          35   1.00156206754573     
          34          35  0.999541064677404     
           1          36  0.985310248271750     
           1          37  0.985162645027243     
           1          38  0.985135026037063     
           2          39  0.972460871743218     
           2          40  0.972457413855341     
           4          41  0.972913252273654     
           4          42  0.965944079920454     
           5          43  0.973372812442554     
           5          44  0.967472049054048     
           7          45  0.956982087961163     
           7          46  0.962704088747659     
           9          47  0.967250500633268     
          10          48  0.967508751342076     
          12          49  0.920273573948489     
          15          50  0.954268921242989     
          19          51  0.917750152098070     
          21          52  0.963706831433441     
          22          53  0.969455965949034     
          27          54  0.963176301099492     
          28          55  0.986789766459633     
          28          56  0.985824991192383     
          28          57  0.983005382958374     
          29          58  0.987388209861150     
          29          59  0.985258194566039     
          29          60  0.985414385893155     
          33          61  0.961498636969925     
          34          62  0.973590895860368     
          34          63  0.968160539626602     
          35          64  0.973053018814617     
          35          65  0.965875380030607     
          66          67  0.201590360447917     
          67          68  0.188773428603761     
          66          69  0.198122638513240     
          67          70  0.136685224560019     
          67          71  0.138151369267614     
          69          71  0.210839029717566     
          70          71  0.176369339287490     
          66          72  0.331876512896369     
          68          72  0.139727770460627     
          72          73  0.606624489063848     
          68          74  0.371584966369609     
          73          74  0.166078370439026     
          69          75  0.177388649218538     
          73          75  0.140842899128217     
          70          76  0.282950624110590     
          74          76  0.130009327309077     
          73          77  0.147745633254631     
          74          77  0.220744059603365     
          75          77  0.199340570629817     
          76          77  0.210394481372262     
          69          78  0.721147031105434     
          75          78  0.155368635704487     
          70          79  0.152307789221331     
          76          79  0.669487974021441     
          75          81  0.726366361225663     
          78          81   2.73885447810033     
          70          82  0.744373168231604     
          79          82   2.73203069176403     
          70          83  0.160167767281856     
          75          83   1.05745085037278     
          76          83  0.141706151027089     
          80          83   2.00797956827458     
          70          84  0.892565224715298     
          75          84  0.232817496856935     
          76          84  0.653553427360652     
          80          84   1.60371422666365     
          66          85  0.846077489012846     
          69          85  0.705722351840204     
          72          85  0.147133191164514     
          66          86  0.814394040362721     
          67          86  0.751238094987197     
          71          86  0.122947491190673     
          67          87  0.692837949909255     
          68          87  0.598603395761066     
          72          87  0.152250115868947     
          67          88  0.605600585976540     
          69          88  0.561830509486581     
          67          89  0.746174812453525     
          68          89  0.110035676597047     
          70          89  0.599784189162894     
          69          90  0.940258322355774     
          71          90  0.708000742920113     
          70          91  0.773188482722203     
          71          91  0.974117940238226     
          72          92   1.99671271535176     
          73          93  0.752867424632083     
          74          93  0.835478661431584     
          68          94  0.963528221104811     
          74          94  0.763651062139455     
          76          94  0.113544502985843     
          69          95  0.124113531139693     
          72          95  0.111957771239994     
          73          95  0.802715202905369     
          75          95  0.441208998147046     
          73          96  0.715242360381636     
          76          96  0.441624717899141     
          73          97  0.196025800391052     
          75          97  0.614459568525665     
          77          97  0.900734069334333     
          76          98  0.968102533848235     
          77          98  0.733945390039217     
