   -0.24757757
    0.30323517
   -0.43593967
   -0.04740223
    0.07367686
   -0.12549281
    0.04432829
   -0.16370388
    0.05682823
   -0.05395536
   -0.03962989
    0.05154242
   -0.09973967
   -0.05513399
    0.15250747
   -0.22230837
    0.15122033
   -0.20341415
   -0.08455353
    0.15244212
   -0.25206325
    0.05842686
    0.08982940
   -0.48229519
    0.06378781
   -0.45710270
    0.20952511
    0.20344550
    0.19361872
    0.06467615
    0.06608478
    0.07597093
    0.09649874
    0.05030208
    0.05783541
    0.04977478
    0.33185676
    0.04360738
    0.04555455
    0.31706240
    1.05401652
    1.55065606
    1.04678715
    1.38050070
    1.11584489
    1.03463972
    0.88143505
    1.34768177
    1.00708955
    1.09774888
    1.18931364
    1.02490818
   -0.25763691
   -0.25478067
   -0.01966722
   -0.21079443
   -0.22698436
   -0.34678145
   -0.40468003
   -0.84774694
   -0.88277416
   -0.95677122
   -1.00627093
   -0.91375995
   -0.82102777
   -0.79965627
   -0.63628614
   -0.86462227
   -0.79994020
   -0.94586229
   -0.96862360
   -0.81767209
   -0.78160920
