           1           2   1.26419438256019     
           1           3  0.202040190521061     
           2           3   1.65494210606405     
           2           4  0.982142957929821     
           4           5   1.37857769168801     
           5           6  0.983681803774127     
           5           7   1.31482854605935     
           7           8   1.12267896530946     
           8           9   1.10743678235124     
           9          10   1.36705117001436     
          10          11   1.43906337573611     
          11          12   1.41544987062215     
          12          13  0.989987650958097     
          12          14   1.40302323235504     
           9          15   1.30449420596531     
          14          15   1.41642301394911     
          15          16  0.958700758864988     
           7          17   1.30955374721089     
          17          18  0.976073531627946     
          17          19   1.40539708694196     
           4          20   1.33335570454506     
          19          20   1.37659515654572     
          20          21   1.04042253508472     
          21          22  0.931707780006464     
          22          23  0.990398365319042     
          23          24  0.983870584170669     
          23          25  0.975503663587701     
          25          26   1.01317790523179     
           1          27  0.944289827533665     
           1          28  0.937284726308683     
           8          29  0.920555929933487     
          10          30  0.963367114332727     
          11          31  0.967376065717024     
          14          32  0.963848561100750     
          19          33  0.954199319160067     
          22          34  0.969435240702198     
          22          35  0.968083754832760     
          23          36  0.959392338616842     
          24          37  0.898173948708895     
          25          38  0.972332489619901     
          25          39  0.969308942718284     
          26          40  0.834360040380823     
          41          42  0.200637279955444     
          42          43  0.188595315452144     
          41          44  0.197746934826402     
          42          45  0.137037737357372     
          42          46  0.137110263278706     
          44          46  0.208412866161625     
          45          46  0.175283047301785     
          41          47  0.331757171960705     
          43          47  0.139737253528065     
          47          48  0.606922912287578     
          43          49  0.371405918015228     
          48          49  0.166521271027460     
          44          50  0.177888455110647     
          48          50  0.140911070850339     
          45          51  0.283017368076381     
          49          51  0.129730263550841     
          48          52  0.148114551672100     
          49          52  0.220807065495775     
          50          52  0.199534891272711     
          51          52  0.210560608713410     
          44          53  0.719535619235814     
          50          53  0.156370526083518     
          45          54  0.152830848211291     
          51          54  0.669042457722849     
          50          56  0.727537150594814     
          53          56   2.73899971300819     
          45          57  0.744773855419993     
          54          57   2.73181222613469     
          45          58  0.163145281844089     
          50          58   1.05379601240288     
          51          58  0.141129759413587     
          55          58   2.00972833379832     
          45          59  0.895295635804351     
          50          59  0.229279727382082     
          51          59  0.653988877463462     
          55          59   1.60252296170749     
          41          60  0.846033788043930     
          44          60  0.704868669673890     
          47          60  0.147352715097513     
          41          61  0.812307965653407     
          42          61  0.749363688450513     
          46          61  0.123222499637226     
          42          62  0.691372430988659     
          43          62  0.598658099122767     
          47          62  0.152444959809487     
          42          63  0.606914428904256     
          44          63  0.562948621825508     
          42          64  0.747787097944478     
          43          64  0.110076316550060     
          45          64  0.597914151270541     
          44          65  0.940822935812691     
          46          65  0.708015136571743     
          45          66  0.768233693971382     
          46          66  0.975188044478241     
          47          67   1.99591165524216     
          48          68  0.752677708799371     
          49          68  0.834911677519018     
          43          69  0.963283070595142     
          49          69  0.763580694410714     
          51          69  0.113429124052587     
          44          70  0.123818012089326     
          47          70  0.111921138607125     
          48          70  0.801688402325431     
          50          70  0.441853276138111     
          48          71  0.715007530902564     
          51          71  0.441677300199598     
          48          72  0.195689089657529     
          50          72  0.614591410886175     
          52          72  0.900179426615648     
          51          73  0.967920248758306     
          52          73  0.733852702857160     
