    0.02287886
   -0.22557284
    0.14149817
   -0.07482665
    0.09385488
   -0.19140521
    0.05524741
   -0.01783730
    0.17851637
   -0.16173738
    0.06339315
    0.14434822
    0.11212052
    0.07655997
   -0.11626607
    0.28267798
   -0.38267195
   -0.04203405
    0.27628960
   -0.40649031
   -0.14883429
    0.07562490
   -0.04182428
   -0.04815968
    0.16989161
   -0.21312351
   -0.04678008
   -0.05014050
   -0.06105886
   -0.05516771
   -0.05563478
    0.14686017
   -0.16591858
    0.00300804
   -0.05344683
    0.14354395
   -0.22109464
    0.02625527
    0.07812263
    0.05632642
    0.05659629
    0.08195387
    0.07569315
    0.09876882
    0.67471249
    0.48538896
    0.25350254
    0.19879878
    0.08212276
    0.06683732
    0.06738859
    0.05076565
    0.06312481
    0.05244094
    0.05652643
    0.06407905
    0.15131279
    0.08576392
    0.07779906
    0.05762959
    0.06460721
    0.73906684
    0.59243539
    0.74458080
   -6.61981010
    0.34050323
    0.72738595
    0.61144225
    0.45379609
    0.75350275
    0.72079709
    0.75737249
    0.74746301
    0.61376398
   -0.32709078
    0.20274935
    0.61559040
   -0.25370085
    0.07924075
   -0.20451734
   -0.38584987
   -0.40688901
   -0.47033020
    1.86613301
   -0.31931138
   -0.37709854
   -0.62390417
   -0.35905931
   -0.37755405
   -0.44462503
   -0.39606025
   -0.45354657
   -0.36119439
   -0.41808716
