           1           2  0.981447676278367     
           2           3   1.07688550703669     
           3           4   1.45358048922498     
           4           5   1.28678086148360     
           5           6   1.30970095727850     
           6           7   1.47494933210287     
           7           8   1.38414564543761     
           6           9  0.103887633490546     
           8           9   1.43092201805476     
           9          10  0.997464966985343     
          10          11   1.02077652367414     
          11          12   1.37727022898190     
          12          13   1.45184486022108     
          13          14   1.36263119839848     
          14          15   1.08036874146224     
          15          16   1.19755054143378     
          15          17  0.168563301102474     
          16          17   1.70270060769435     
          16          18  0.946805589415563     
          18          19  0.945414296953702     
          19          20   1.69624640202922     
          19          21   1.20569699996380     
          20          21  0.171971346432276     
          21          22   1.07085264976897     
          22          23   1.37652016818945     
          23          24   1.44368113362497     
          24          25   1.39394405066557     
          25          26  0.964924758021908     
          23          27  0.107460957206177     
          25          27   1.38757154100502     
          22          28   1.36587296555825     
          24          28  0.109187573782876     
          27          28   1.45242599137298     
          18          29  0.949640295202170     
          18          30  0.944945254295700     
          29          30  0.988001004080281     
          12          31  0.102088161305386     
          14          31   1.37194533851628     
          11          32   1.33136619417225     
          31          32   1.40245235361580     
          32          33  0.973563302832740     
           5          34   1.21411994967873     
           9          34   1.27044038344372     
           4          35  0.100997064347229     
          34          35   1.27838244409480     
           3          36   1.21727420707265     
          35          36   1.46352621554995     
          36          37   1.07227987285736     
          37          38  0.982024752747881     
           1          39  0.978915662381930     
           1          40  0.976423078452760     
           1          41  0.976419925166310     
           4          42  0.960497819912522     
           7          43  0.964140727807460     
           8          44  0.966437474103289     
          12          45  0.911725730355875     
          13          46  0.950511012158733     
          15          47  0.926536068980672     
          21          48  0.929571314595264     
          23          49  0.960374813823536     
          24          50  0.966667788345322     
          27          51  0.967021536179172     
          28          52  0.966648316734594     
          29          53  0.977674247570011     
          29          54  0.979680704009203     
          30          55  0.979772110003445     
          30          56  0.977653901087575     
          31          57  0.953854599442915     
          35          58  0.961991186937887     
          38          59  0.978942714223510     
          38          60  0.976726312238900     
          38          61  0.976482771490222     
          62          63  0.202720950215814     
          63          64  0.186592353582209     
          62          65  0.199870321505011     
          63          66  0.139655232088769     
          63          67  0.131439234848126     
          65          67  0.202494554528526     
          66          67  0.172404393565574     
          62          68  0.333195533679849     
          64          68  0.140765836877151     
          68          69  0.608817264902307     
          64          70  0.372115899587877     
          69          70  0.166259005049173     
          65          71  0.178726931578322     
          69          71  0.141180091857762     
          66          72  0.284455206546155     
          70          72  0.129924785462595     
          69          73  0.147654683199085     
          70          73  0.221027777910769     
          71          73  0.199047917601077     
          72          73  0.210283759958615     
          65          74  0.719170186477349     
          71          74  0.156601433358916     
          66          75  0.152284559564845     
          72          75  0.669249447154268     
          71          77  0.727586372613628     
          74          77   2.73897033627720     
          66          78  0.742981064612252     
          75          78   2.73230074838831     
          66          79  0.162450489686901     
          71          79   1.05653642224477     
          72          79  0.140732775757398     
          76          79   2.00913038692812     
          66          80  0.895744325486306     
          71          80  0.230895175425314     
          72          80  0.653520628310502     
          76          80   1.60342492690388     
          62          81  0.847479395414397     
          65          81  0.701024047619701     
          68          81  0.147853682819698     
          62          82  0.813446721005642     
          63          82  0.749257801657046     
          67          82  0.123415909194771     
          63          83  0.686381302625414     
          64          83  0.601283861218812     
          68          83  0.153091553234834     
          63          84  0.612845138578824     
          65          84  0.568337083203178     
          63          85  0.746655726104219     
          64          85  0.110304854795605     
          66          85  0.599698462261428     
          65          86  0.941301235904540     
          67          86  0.699938744547525     
          66          87  0.767819669974520     
          67          87  0.971336605486038     
          68          88   1.99491220752032     
          69          89  0.750933790070977     
          70          89  0.835595508825750     
          64          90  0.960397258331045     
          70          90  0.764952752007617     
          72          90  0.113433044418686     
          65          91  0.122858499157329     
          68          91  0.112169451933037     
          69          91  0.802504561001101     
          71          91  0.442152097614113     
          69          92  0.715295433347134     
          72          92  0.442248839358104     
          69          93  0.195529996554928     
          71          93  0.613182910713637     
          73          93  0.901279466488598     
          72          94  0.966704732492498     
          73          94  0.733819928230417     
