&CONTROL
  calculation = 'relax'
  prefix = 'c_Temozolomide'
  outdir = './tmp'
  pseudo_dir = '/home/andres/pseudo/SSSP_1.3.0_PBE_efficiency'
  forc_conv_thr = 2.0d-3
  etot_conv_thr = 1.0d-4
  nstep = 200
/
&SYSTEM
  ibrav = 0
  nat = 132
  ntyp = 5
  ecutwfc = 50
  ecutrho = 400
  occupations = 'smearing'
  smearing = 'mv'
  degauss = 0.01
  vdw_corr = 'dft-d3'
  nosym = .true.
/
&ELECTRONS
  conv_thr = 1.0d-7
  mixing_beta = 0.2
  mixing_mode = 'local-TF'
  mixing_ndim = 10
  electron_maxstep = 300
/
&IONS
  ion_dynamics = 'bfgs'
/
ATOMIC_SPECIES
  Ti 47.867 ti_pbe_v1.4.uspp.F.UPF
  C 12.011 C.pbe-n-kjpaw_psl.1.0.0.UPF
  O 15.999 O.pbe-n-kjpaw_psl.0.1.UPF
  N 14.007 N.pbe-n-radius_5.UPF
  H 1.008 H.pbe-rrkjus_psl.1.0.0.UPF
CELL_PARAMETERS angstrom
  12.12000000 0.00000000 0.00000000
  6.06000000 10.49622789 0.00000000
  0.00000000 0.00000000 26.60000000
ATOMIC_POSITIONS angstrom
  Ti 0.000000 0.000000 13.300000  0 0 0
  C 1.515000 0.874686 14.450000  0 0 0
  C 3.030000 1.749371 12.150000  0 0 0
  Ti 3.030000 1.749371 15.630000
  Ti 1.515000 0.874686 10.970000  0 0 0
  O 0.000000 0.000000 16.600000
  O 0.000000 0.000000 10.000000  0 0 0
  Ti 1.515000 2.624057 13.300000  0 0 0
  C 3.030000 3.498743 14.450000  0 0 0
  C 4.545000 4.373428 12.150000  0 0 0
  Ti 4.545000 4.373428 15.630000
  Ti 3.030000 3.498743 10.970000  0 0 0
  O 1.515000 2.624057 16.600000
  O 1.515000 2.624057 10.000000  0 0 0
  Ti 3.030000 5.248114 13.300000  0 0 0
  C 4.545000 6.122800 14.450000  0 0 0
  C 6.060000 6.997485 12.150000  0 0 0
  Ti 6.060000 6.997485 15.630000
  Ti 4.545000 6.122800 10.970000  0 0 0
  O 3.030000 5.248114 16.600000
  O 3.030000 5.248114 10.000000  0 0 0
  Ti 4.545000 7.872171 13.300000  0 0 0
  C 6.060000 8.746857 14.450000  0 0 0
  C 7.575000 9.621542 12.150000  0 0 0
  Ti 7.575000 9.621542 15.630000
  Ti 6.060000 8.746857 10.970000  0 0 0
  O 4.545000 7.872171 16.600000
  O 4.545000 7.872171 10.000000  0 0 0
  Ti 3.030000 0.000000 13.300000  0 0 0
  C 4.545000 0.874686 14.450000  0 0 0
  C 6.060000 1.749371 12.150000  0 0 0
  Ti 6.060000 1.749371 15.630000
  Ti 4.545000 0.874686 10.970000  0 0 0
  O 3.030000 0.000000 16.600000
  O 3.030000 0.000000 10.000000  0 0 0
  Ti 4.545000 2.624057 13.300000  0 0 0
  C 6.060000 3.498743 14.450000  0 0 0
  C 7.575000 4.373428 12.150000  0 0 0
  Ti 7.575000 4.373428 15.630000
  Ti 6.060000 3.498743 10.970000  0 0 0
  O 4.545000 2.624057 16.600000
  O 4.545000 2.624057 10.000000  0 0 0
  Ti 6.060000 5.248114 13.300000  0 0 0
  C 7.575000 6.122800 14.450000  0 0 0
  C 9.090000 6.997485 12.150000  0 0 0
  Ti 9.090000 6.997485 15.630000
  Ti 7.575000 6.122800 10.970000  0 0 0
  O 6.060000 5.248114 16.600000
  O 6.060000 5.248114 10.000000  0 0 0
  Ti 7.575000 7.872171 13.300000  0 0 0
  C 9.090000 8.746857 14.450000  0 0 0
  C 10.605000 9.621542 12.150000  0 0 0
  Ti 10.605000 9.621542 15.630000
  Ti 9.090000 8.746857 10.970000  0 0 0
  O 7.575000 7.872171 16.600000
  O 7.575000 7.872171 10.000000  0 0 0
  Ti 6.060000 0.000000 13.300000  0 0 0
  C 7.575000 0.874686 14.450000  0 0 0
  C 9.090000 1.749371 12.150000  0 0 0
  Ti 9.090000 1.749371 15.630000
  Ti 7.575000 0.874686 10.970000  0 0 0
  O 6.060000 0.000000 16.600000
  O 6.060000 0.000000 10.000000  0 0 0
  Ti 7.575000 2.624057 13.300000  0 0 0
  C 9.090000 3.498743 14.450000  0 0 0
  C 10.605000 4.373428 12.150000  0 0 0
  Ti 10.605000 4.373428 15.630000
  Ti 9.090000 3.498743 10.970000  0 0 0
  O 7.575000 2.624057 16.600000
  O 7.575000 2.624057 10.000000  0 0 0
  Ti 9.090000 5.248114 13.300000  0 0 0
  C 10.605000 6.122800 14.450000  0 0 0
  C 12.120000 6.997485 12.150000  0 0 0
  Ti 12.120000 6.997485 15.630000
  Ti 10.605000 6.122800 10.970000  0 0 0
  O 9.090000 5.248114 16.600000
  O 9.090000 5.248114 10.000000  0 0 0
  Ti 10.605000 7.872171 13.300000  0 0 0
  C 12.120000 8.746857 14.450000  0 0 0
  C 13.635000 9.621542 12.150000  0 0 0
  Ti 13.635000 9.621542 15.630000
  Ti 12.120000 8.746857 10.970000  0 0 0
  O 10.605000 7.872171 16.600000
  O 10.605000 7.872171 10.000000  0 0 0
  Ti 9.090000 0.000000 13.300000  0 0 0
  C 10.605000 0.874686 14.450000  0 0 0
  C 12.120000 1.749371 12.150000  0 0 0
  Ti 12.120000 1.749371 15.630000
  Ti 10.605000 0.874686 10.970000  0 0 0
  O 9.090000 0.000000 16.600000
  O 9.090000 0.000000 10.000000  0 0 0
  Ti 10.605000 2.624057 13.300000  0 0 0
  C 12.120000 3.498743 14.450000  0 0 0
  C 13.635000 4.373428 12.150000  0 0 0
  Ti 13.635000 4.373428 15.630000
  Ti 12.120000 3.498743 10.970000  0 0 0
  O 10.605000 2.624057 16.600000
  O 10.605000 2.624057 10.000000  0 0 0
  Ti 12.120000 5.248114 13.300000  0 0 0
  C 13.635000 6.122800 14.450000  0 0 0
  C 15.150000 6.997485 12.150000  0 0 0
  Ti 15.150000 6.997485 15.630000
  Ti 13.635000 6.122800 10.970000  0 0 0
  O 12.120000 5.248114 16.600000
  O 12.120000 5.248114 10.000000  0 0 0
  Ti 13.635000 7.872171 13.300000  0 0 0
  C 15.150000 8.746857 14.450000  0 0 0
  C 16.665000 9.621542 12.150000  0 0 0
  Ti 16.665000 9.621542 15.630000
  Ti 15.150000 8.746857 10.970000  0 0 0
  O 13.635000 7.872171 16.600000
  O 13.635000 7.872171 10.000000  0 0 0
  C 5.425496 5.780966 20.093671
  N 6.866154 5.636459 20.093670
  N 7.572307 6.818631 20.093673
  N 8.824894 6.806500 20.093675
  C 9.500372 5.639162 20.093674
  C 10.836418 5.280650 20.093673
  C 11.985769 6.177613 20.093672
  N 13.184764 5.523234 20.093670
  O 11.920268 7.400757 20.093674
  N 10.963614 3.892638 20.093673
  C 9.728633 3.440217 20.093673
  N 8.813402 4.459307 20.093673
  C 7.435583 4.376666 20.093672
  O 6.892559 3.281876 20.093672
  H 4.925110 4.808901 20.093644
  H 5.126513 6.336644 20.987370
  H 5.126516 6.336691 19.200000
  H 13.201380 4.510067 20.093669
  H 14.040497 6.056228 20.093670
  H 9.429750 2.399071 20.093673
K_POINTS gamma
