    0.02440767
   -0.26122160
    0.12376281
   -0.08598522
   -0.03265171
    0.15893457
   -0.17261760
    0.07764560
   -0.04918942
   -0.04256565
    0.07196060
   -0.14432403
    0.16308156
   -0.20273775
   -0.07692314
   -0.27123120
    0.14021207
   -0.25974263
    0.10229966
   -0.07037474
    0.13132341
   -0.27223850
    0.07340571
   -0.02428795
   -0.06563498
    0.00596045
   -0.17731125
   -0.03951407
    0.00235589
   -0.06565371
    0.06945036
    0.04989534
    0.05004768
    0.04905995
    0.18075907
    0.07326175
    0.07385091
    0.06281614
    0.04975661
    0.08133118
    0.03108197
    0.04769881
    0.04872393
    0.04618228
    0.04629813
    0.01212927
    0.03506731
    0.03960380
    0.01515590
    0.03731585
    0.03557830
    0.03829610
    0.03103591
    0.03276608
    1.05208495
    1.55040109
    1.04968260
    1.38004949
    1.11912335
    1.03949774
    0.88194844
    1.34887631
    1.00968803
    1.09708444
    1.19071283
    1.02697440
   -0.25773129
   -0.25386859
   -0.01970057
   -0.20887701
   -0.22306875
   -0.34698907
   -0.40431378
   -0.84654754
   -0.88029740
   -0.95565091
   -1.00670331
   -0.91226926
   -0.82119636
   -0.79789698
   -0.63438023
   -0.86383665
   -0.79912499
   -0.94566280
   -0.96939653
   -0.81660718
   -0.78031194
