           1           2  0.978743673938671     
           2           3   1.08087194706248     
           3           4   1.41958874706294     
           4           5   1.25042009320069     
           5           6   1.28672905058148     
           6           7   1.44793293936668     
           7           8   1.36131771109640     
           8           9   1.36621649491536     
           9          10   1.12595682040607     
          10          11   1.10046468951238     
          11          12   1.32718641678400     
          12          13   1.48318704941857     
          13          14   1.32816926109336     
          14          15   1.16003435948706     
          15          16   1.19673294178959     
          16          17   1.03476322267565     
          15          18  0.103336405317279     
          16          18   1.56011078445491     
          14          19   1.25995359820177     
          18          19   1.20751117271126     
          11          20   1.32990208992076     
          19          20   1.29895476638333     
          20          21  0.973972165975248     
           5          22   1.19745064508891     
           9          22   1.22481398631129     
          22          23   1.27419296507145     
           3          24   1.19379501409903     
          23          24   1.42052414496148     
          24          25   1.10378655658200     
          25          26  0.952519764146850     
          26          27  0.989876957966796     
          27          28  0.991679315489396     
          28          29   1.00027503397979     
          29          30   1.00243699000644     
          30          31   1.01517038181632     
          30          32  0.996496875496219     
          27          33  0.997200711116513     
          32          33   1.00323160465367     
           1          34  0.971140921638827     
           1          35  0.918101428690514     
           1          36  0.962342885078343     
           4          37  0.941657592209856     
           7          38  0.939987786865035     
          10          39  0.854681041183131     
          12          40  0.962996565207046     
          13          41  0.968211855664509     
          15          42  0.942054284408874     
          17          43  0.966156124751609     
          17          44  0.978591262044485     
          17          45  0.966174342966653     
          23          46  0.943765500176238     
          26          47  0.923843240638442     
          26          48  0.962016601328677     
          27          49  0.952734040021080     
          28          50  0.972056827552983     
          28          51  0.973872133642642     
          29          52  0.956971671064076     
          29          53  0.971914211794578     
          31          54  0.980540701119392     
          31          55  0.968642224829767     
          31          56  0.981576897453945     
          32          57  0.969287652113163     
          32          58  0.960673766234562     
          33          59  0.975428936661189     
          33          60  0.973025211765429     
          61          62  0.298070361050816     
          62          63  0.301404762623850     
          61          64  0.180270226581476     
          62          64  0.127153846608144     
          62          65  0.119340455633009     
          63          65  0.193598481449514     
          64          66  0.147771013628965     
          65          66  0.149675614868870     
          61          67  0.575404224234586     
          62          67  0.102726179624196     
          61          68  0.106860152234761     
          62          68  0.356620075199201     
          63          68  0.103757510120723     
          67          68  0.338261889405417     
          62          69  0.100373203547872     
          63          69  0.576234828279341     
          68          69  0.328598564416755     
          64          70  0.165892764833101     
          67          70  0.210301102692912     
          68          70  0.141874130818409     
          65          71  0.162401106390009     
          68          71  0.137675697253060     
          69          71  0.207663862414947     
          66          72  0.271218003962443     
          70          72  0.152138965475211     
          71          72  0.157587416164814     
          61          73  0.233812485751997     
          62          73  0.254521333078269     
          64          73  0.507248624562103     
          67          73  0.300363509830919     
          68          73  0.277293669770790     
          70          73  0.525945686174173     
          62          74  0.247438274248689     
          63          74  0.262442774240748     
          65          74  0.499682273192490     
          68          74  0.268038580511231     
          69          74  0.303715405432458     
          71          74  0.516032121757180     
          64          75  0.140535589561703     
          65          75  0.144186379326463     
          66          75  0.495144949929068     
          70          75  0.162237998924520     
          71          75  0.167655253585111     
          72          75  0.503235031845076     
          61          76  0.145668517549610     
          64          76  0.657744718714653     
          67          76  0.189433267495235     
          70          76  0.647588914576255     
          73          76  0.884042076140016     
          63          77  0.164878267116372     
          65          77  0.655196361316636     
          69          77  0.188838650903958     
          71          77  0.635739359395366     
          74          77  0.875359736262048     
          66          78  0.429716054321443     
          72          78  0.432651054549806     
          75          78  0.820875012089432     
          76          78  0.232865139358035     
          66          79  0.418359762849779     
          72          79  0.429333452214498     
          75          79  0.822567815108819     
          77          79  0.242367914123478     
          78          79  0.136869142621167     
          61          80   2.01402933585685     
          62          81   1.87541939616049     
          63          82   1.97669002206828     
          64          83   1.73744493730620     
          65          84   1.71774916741338     
          64          85  0.224491705414000     
          66          85   1.12010635083573     
          78          85  0.358800582611648     
          65          86  0.227057570809410     
          66          86   1.12310614462909     
          79          86  0.375371888247146     
          67          87   2.01603830340054     
          68          88   1.89787648230427     
          69          89   2.01734776709935     
          70          90   1.73220051098343     
          71          91   1.73598496769859     
          70          92  0.215804094212595     
          72          92   1.11271020958643     
          78          92  0.404865804899864     
          85          92  0.128178793393233     
          71          93  0.220339344648532     
          72          93   1.10956199418803     
          79          93  0.396706527000930     
          86          93  0.131649056766768     
