   -0.10504082
    0.02340439
   -0.11168126
   -0.11334690
    0.20083982
   -0.30720966
    0.19783839
   -0.32461454
    0.24760282
   -0.31466558
   -0.11451833
   -0.00865431
    0.06520560
   -0.31635431
    0.06667621
   -0.00811545
   -0.05549299
    0.07153838
   -0.28581551
    0.22859503
   -0.10466427
   -0.01077897
    0.06780335
   -0.31605691
    0.06868093
   -0.00769876
   -0.28257814
    0.18511993
   -0.33470469
    0.04666555
    0.04627518
    0.03694399
    0.03661868
    0.04764003
    0.04943170
    0.04399799
    0.04429899
    0.04454505
    0.07366308
    0.04593510
    0.06010755
    0.04416591
    0.04148985
    0.06136004
    0.07371982
    0.04948588
    0.05887854
    0.07916124
    0.05172324
    0.06035575
    0.03978373
    0.03874431
    0.05847266
    0.07206865
    0.04903758
    0.19018417
    0.17153326
    1.05162481
    1.55130969
    1.04850996
    1.38076852
    1.12420602
    1.03651691
    0.88146858
    1.34855689
    1.00811584
    1.09525524
    1.18947147
    1.02576097
   -0.25829646
   -0.25573461
   -0.01934743
   -0.20959917
   -0.22386747
   -0.34704598
   -0.40436298
   -0.84742859
   -0.88174409
   -0.95611344
   -1.00670176
   -0.91358094
   -0.82367166
   -0.80017864
   -0.63550745
   -0.86396236
   -0.79944849
   -0.94582321
   -0.96916146
   -0.81682943
   -0.78076023
