           1           2  0.994306153188068     
           2           3  0.968432545989961     
           2           4  0.986514365507191     
           2           5  0.947337476404840     
           5           6   1.57666718495700     
           6           7   1.10927891525936     
           7           8   1.10739798511371     
           8           9   1.43101781505458     
           5          10   1.08858916886798     
           9          10   1.06596725571220     
           8          11  0.107198842023839     
           9          11   1.19434276103872     
          11          12  0.974853913402660     
          12          13  0.995313931944784     
          13          14  0.986048516010374     
          14          15  0.987019827742058     
          11          16  0.975935634299222     
          15          16  0.999604346408069     
           7          17   1.39271171500230     
          17          18   1.02437089678955     
          18          19   1.03345155329645     
          19          20   1.29743569238767     
          19          21  0.100741239335172     
          20          21   1.23398582996655     
          21          22  0.985700553321728     
          22          23  0.979974851360757     
          23          24  0.987605813410514     
          24          25  0.998668263742756     
          21          26  0.984877197032428     
          25          26  0.980876444194950     
          20          27   1.16663336809299     
          17          28   1.10930030874057     
          27          28   1.37705231461564     
          28          29   1.25177431060638     
           1          30  0.975229256490362     
           1          31  0.973192212029050     
           1          32  0.844530643111667     
           3          33  0.979657499615822     
           3          34  0.980282044404727     
           3          35  0.983241296681987     
           4          36  0.910037314748685     
           4          37  0.978633397021177     
           4          38  0.938783536003367     
          12          39  0.898250011512529     
          12          40  0.957917302042259     
          13          41  0.960276599478779     
          13          42  0.911374429939594     
          15          43  0.963383932782769     
          15          44  0.965072801234707     
          16          45  0.956781390858177     
          16          46  0.855227657898449     
          18          47  0.881015708925117     
          22          48  0.952941115332993     
          22          49  0.951183912646967     
          23          50  0.966713167535640     
          23          51  0.970757188195157     
          25          52  0.968632643591185     
          25          53  0.967462410818870     
          26          54  0.915673757184123     
          26          55  0.934277902366292     
          29          56  0.874075997722415     
          29          57  0.900777038002465     
          10          59  0.508612858343817     
          59          60  0.154055192964342     
          58          61  0.265598801714694     
          32          62  0.115868897173305     
          18          63  0.607272518439582     
          19          63  0.500947666402953     
          62          63  0.168372815819590     
          58          64  0.391702691291755     
          60          64  0.132138276639760     
          64          65  0.177704134974139     
          60          66  0.252871617469473     
          65          66  0.194656928920772     
          61          67  0.146585179115083     
          63          67  0.143375774530843     
          60          68  0.208565838443719     
          62          68  0.247993771608961     
          66          69  0.308257707051700     
          67          69  0.231385525985046     
          68          69  0.206012606489293     
          61          70  0.648251766582711     
          67          70  0.188323839624437     
          62          71  0.135603409043538     
          68          71  0.634203357997194     
          63          72  0.101125091804259     
          67          72  0.100458401793244     
          67          73  0.730409242026299     
          70          73   2.71899446857510     
          62          74  0.667156541677617     
          71          74   2.71584005802011     
          62          75  0.111837392291061     
          63          75  0.475581417795527     
          67          75  0.864557252697206     
          68          75  0.103116242788173     
          72          75   1.70539273928917     
          62          76  0.603520958936714     
          67          76  0.184979416258018     
          68          76  0.663796009506072     
          72          76   1.72917000354100     
          75          76  0.154723163412783     
          58          77  0.774829364283095     
          61          77  0.979045058789171     
          58          78  0.856853012775572     
          64          78  0.970733121010240     
          59          79  0.799730206913328     
          60          79  0.755812835938650     
          58          80  0.106965093716005     
          59          80  0.930892699753626     
          61          80  0.196514850888967     
          64          80  0.104944376031350     
          59          81  0.636823690989439     
          62          81  0.719709914218119     
          61          82  0.599849148037776     
          63          82  0.664985278189160     
          67          82  0.134353575519672     
          62          83  0.972486763502448     
          63          83  0.744081945297427     
          60          84  0.111619670903549     
          64          84  0.616628006737748     
          65          84  0.725295946914693     
          65          85  0.747144369345376     
          66          85  0.779084211177546     
          69          85  0.123222381471976     
          60          86  0.775788168084833     
          66          86  0.779035307193229     
          68          86  0.157812498815306     
          61          87  0.548132315390374     
          65          87  0.707992304836614     
          67          87  0.122383187133512     
          65          88  0.606576248861865     
          68          88  0.522608245575877     
          67          89  0.963832037004864     
          69          89  0.797527998996846     
          66          90  0.118774870614548     
          68          90  0.858869186206685     
          69          90  0.790805847422366     
