   -0.11289704
    0.02393284
   -0.11113318
   -0.11160291
    0.20172247
   -0.30382549
    0.19578978
   -0.33758529
    0.24396121
   -0.32000508
   -0.10506969
   -0.00643768
    0.06815186
   -0.31975910
    0.07137259
   -0.00888081
   -0.05812905
    0.07175442
   -0.28841143
    0.22514973
   -0.09152759
   -0.01714973
    0.07032993
   -0.32180267
    0.06891533
   -0.01010997
   -0.29109941
    0.18027295
   -0.33348751
    0.04366327
    0.04138769
    0.05123152
    0.04405269
    0.04968668
    0.03940066
    0.04076243
    0.05378768
    0.04136625
    0.06909818
    0.06003753
    0.06034688
    0.04415540
    0.03924433
    0.06048337
    0.06540631
    0.06073790
    0.06623667
    0.06055130
    0.08242561
    0.05872909
    0.03948309
    0.05997216
    0.04275703
    0.07158349
    0.06051848
    0.18783666
    0.16893912
    1.07655930
    1.52126539
    1.12958115
    1.37211604
    1.14595288
    1.05472263
    0.91953901
    1.30273996
   -0.93793450
    1.12711392
    1.21835668
    1.12876419
   -0.23935433
   -0.20886731
   -0.00913594
   -0.18940491
   -0.20533152
   -0.30528472
   -0.35844233
   -0.82598238
   -0.85778076
   -0.89724605
   -0.99661372
   -0.88271449
   -0.80694103
   -0.78260977
   -0.57090747
   -0.40156733
   -0.36546701
   -0.90705499
   -0.86980921
   -0.77155737
   -0.64302495
