           1           2  0.205030863841454     
           2           3  0.197291168097761     
           1           4  0.193272102406988     
           2           5  0.128479063378277     
           2           6  0.107781743975024     
           4           6  0.221921682350083     
           5           6  0.221829217527616     
           1           7  0.398166444956017     
           3           7  0.174334955901231     
           7           8  0.197237722604673     
           3           9  0.290937685651564     
           8           9  0.197123688450737     
           4          10  0.179905980585215     
           8          10  0.132434161653001     
           5          11  0.271556995270350     
           9          11  0.136452229468129     
           8          12  0.123937324217810     
           9          12  0.159626041210466     
          10          12  0.193727244750983     
          11          12  0.212544842267686     
           4          13  0.718199703142189     
          10          13  0.154216117059454     
           5          14  0.136681950562033     
          11          14  0.687996920243854     
          10          16  0.711845124883408     
          13          16   2.73876420746881     
           5          17  0.729772477238017     
          11          17  0.100132965147252     
          14          17   2.73752888544406     
           5          18  0.150004835772390     
          10          18  0.918852219174064     
          11          18  0.128886737803271     
          15          18   2.03765299955393     
           5          19  0.849677014326251     
          10          19  0.154208139816190     
          11          19  0.651807936855544     
          15          19   1.56905025651330     
           1          20  0.804359423429030     
           4          20  0.718051706769621     
           7          20  0.198643715372963     
           1          21  0.857868910627929     
           2          21  0.741539514087830     
           6          21  0.106086718799859     
           2          22  0.774317456492327     
           3          22  0.608858305052290     
           7          22  0.150279819312201     
           2          23  0.582461151442188     
           4          23  0.561141302218070     
           2          24  0.752815421892131     
           5          24  0.636608684095229     
           1          25  0.112127565799798     
           4          25  0.895559877806313     
           6          25  0.720939883084990     
           5          26  0.820521090055639     
           6          26  0.965253245074126     
           7          27  0.927977122508541     
           8          27  0.624439395753076     
           8          28  0.773000316402996     
           9          28  0.783969352105255     
          12          28  0.139020125097115     
           3          29  0.921251768066237     
           9          29  0.837113775065907     
           4          30  0.108653708663049     
           7          30  0.116188690490274     
           8          30  0.689218915161918     
          10          30  0.570463998922034     
           8          31  0.656725736282777     
          11          31  0.515004876170623     
           8          32  0.103008595451901     
          10          32  0.788492890977544     
          12          32  0.854661978804969     
          11          33  0.955118343711784     
          12          33  0.749098146285533     
