    0.03724917
   -0.32795500
    0.07218403
    0.07367483
   -0.33380477
    0.11344407
   -0.06844349
   -0.02401721
   -0.06420328
   -0.08793654
   -0.01771745
   -0.10172142
    0.12600415
   -0.45753001
    0.18272141
   -0.34200824
    0.25351628
   -0.36891207
   -0.11726924
    0.00072836
   -0.06738333
   -0.06090913
   -0.06364855
    0.02372242
    0.35402697
   -0.40528875
   -0.25983207
    0.10338561
    0.13998111
   -0.13084075
   -0.34066141
    0.03981454
   -0.06574497
   -0.06280593
   -0.06096621
   -0.03906672
   -0.03269594
   -0.03786913
   -0.03461875
   -0.05579004
    0.01168008
   -0.11109678
   -0.07204094
   -0.00933272
   -0.10634466
   -0.06390224
    0.09421885
   -0.31531176
    0.03759265
    0.23045659
   -0.36392629
   -0.13215814
   -0.07944734
    0.03437095
    0.03514662
    0.05639606
    0.03956556
    0.03660522
    0.03527166
    0.05895285
    0.04719654
    0.03430251
    0.04646508
    0.03275762
    0.03903356
    0.02671786
    0.09281698
    0.03703478
    0.04720036
    0.03723908
    0.05045818
    0.03787874
    0.30426759
    0.06488420
    0.05685984
    0.04116180
    0.04482766
    0.04143214
    0.04290493
    0.03962593
    0.06342276
    0.07546614
    0.05029915
    0.04696618
    0.07163798
    0.07160038
    0.05831507
    0.04408216
    0.03566541
    0.03632929
    0.03075281
    0.04049310
    0.03387890
    0.05246934
    0.04217170
    0.02462571
    0.03589450
    0.03057185
    0.02886872
    0.02989555
    0.04388878
    0.04121468
    0.06326453
    0.04402827
    0.03389601
    0.04357135
    0.03239352
    0.03534703
    0.04485808
    0.05076800
    0.03792767
    0.04391761
    0.03641453
    0.05942986
    0.02913239
    0.07043210
    0.08501985
    0.07097968
    0.06158162
    0.07405281
    1.05462717
    1.55139568
    1.04942487
    1.38094017
    1.12404709
    1.04719315
    0.88264383
    1.34886833
    1.00926200
    1.09977096
    1.19071093
    1.02695010
   -0.25669468
   -0.25494064
   -0.01935857
   -0.20913474
   -0.22370638
   -0.34547737
   -0.40361865
   -0.84705483
   -0.87992344
   -0.95569840
   -1.00788764
   -0.91278926
   -0.81993726
   -0.79621367
   -0.63477880
   -0.86391048
   -0.79934210
   -0.94587251
   -0.96973190
   -0.81705315
   -0.78080907
