           1           2  0.992291874432691     
           2           3  0.980367818052732     
           3           4  0.991961414489113     
           4           5  0.986386092099594     
           5           6  0.960573763287790     
           6           7  0.984283217083146     
           7           8  0.989151073703713     
           8           9  0.989910885902721     
           9          10   1.00082469257595     
          10          11  0.984736395102190     
          11          12  0.999630347723566     
          11          13  0.949800395531097     
          13          14  0.983078700264109     
          13          15  0.931602798262536     
          15          16   1.87073469108442     
          15          17  0.906612983218464     
          17          18   1.76194853679853     
          17          19   1.11610621554846     
          18          19  0.153018795012348     
          19          20  0.975098013084004     
          20          21  0.981840124411300     
          21          22  0.996340373854878     
          22          23   1.00704238897058     
          19          24  0.965785666552567     
          23          24  0.986350860109192     
          24          25  0.935521020938546     
          25          26   1.74938344032916     
          25          27   1.15904807054404     
          26          27  0.176021346897283     
          27          28  0.904521787763869     
          28          29  0.937366784934509     
          29          30  0.993774149384128     
          29          31  0.947767476768318     
          31          32  0.981955450567609     
          29          33  0.979018589363613     
           8          34  0.983082095068959     
          33          34  0.994908587124952     
          28          35  0.974856633494109     
          35          36   1.02120852080637     
          36          37   1.80232184925140     
          37          38   1.15228928018409     
          36          39  0.116196065905857     
          38          39   1.71068405128575     
          39          40   1.15750071289941     
          38          41  0.110947576647242     
          40          41   1.74923943292392     
          41          42   1.03048240892585     
          41          43   1.01292976295597     
          43          44  0.977785450234853     
          44          45   1.00956404045136     
          44          46  0.994541425516056     
          46          47  0.977674669911717     
          47          48  0.974620650393316     
          48          49  0.992243347155624     
          47          50  0.960330287115814     
          50          51   1.85206651200322     
          50          52   1.01897378985394     
           6          53  0.982824361167738     
          13          53  0.955163658899012     
           1          54  0.978640450497255     
           1          55  0.978560961876910     
           1          56  0.980089488635499     
           3          57  0.964514996860239     
           3          58  0.968405257558825     
           4          59  0.968322031517961     
           4          60  0.967539740024574     
           6          61  0.953716223397908     
           7          62  0.974754823957696     
           7          63  0.961477993612276     
           8          64  0.966135547676446     
           9          65  0.945265738190488     
           9          66  0.931760804990152     
          10          67  0.926785650195566     
          10          68  0.542361784054179     
          11          69  0.888763321821312     
          12          70  0.829248237168645     
          12          71  0.969911812736023     
          12          72  0.969374227203115     
          14          73  0.868373263347968     
          20          74  0.962204473667320     
          20          75  0.966590706216256     
          21          76  0.952157106544830     
          21          77  0.929845522614129     
          22          78  0.689281928401317     
          22          79  0.228412383196633     
          23          80  0.932257459752004     
          23          81  0.915816875253919     
          24          82  0.943112655755639     
          28          83  0.953625604315545     
          30          84  0.966598165383846     
          30          85  0.962325853853073     
          30          86  0.955876676634493     
          32          87  0.975131268386787     
          32          88  0.965731469798401     
          32          89  0.962180445906360     
          33          90  0.973493532022551     
          33          91  0.971373903439345     
          34          92  0.973058576270157     
          34          93  0.977157171256532     
          35          94  0.965246557173263     
          35          95  0.966028081990127     
          36          96  0.965260989961757     
          37          97  0.953115460262652     
          38          98  0.962854230299047     
          39          99  0.962014695206617     
          40         100  0.952071931990546     
          42         101  0.974156496176178     
          42         102  0.979331983332762     
          42         103  0.961190348023954     
          43         104  0.959025432196581     
          43         105  0.970267693601943     
          44         106  0.967025206386962     
          45         107  0.985047456688750     
          45         108  0.986656477625458     
          45         109  0.983759546179472     
          46         110  0.971000225229596     
          46         111  0.970505026463649     
          47         112  0.930319813147021     
          49         113  0.976816047229776     
          49         114  0.979668758011633     
          49         115  0.978040517597898     
          52         116  0.981812923799079     
          52         117  0.952675724833248     
          52         118  0.959786041859071     
          53         119  0.963883891281479     
          53         120  0.953370239062259     
          10         121  0.171335318544966     
          70         121  0.129919817998587     
         121         122  0.310674136709979     
         122         123  0.318082083469114     
         121         124  0.200158663398717     
         122         124  0.129882591635212     
         122         125  0.120233601490576     
         123         125  0.196817233674831     
          22         126  0.131220486400103     
         124         126  0.127556312666580     
         125         126  0.143308280596255     
         121         127  0.580158437787419     
         122         127  0.109390167598369     
         122         128  0.395747391467561     
         123         128  0.120156887009986     
         127         128  0.317175756839876     
         122         129  0.115614616925935     
         123         129  0.587001720473746     
         128         129  0.346060812439259     
         124         130  0.175164128968345     
         127         130  0.196639096485424     
         128         130  0.134614051732702     
         125         131  0.189798667126784     
         128         131  0.140689324190306     
         129         131  0.206180259151448     
         126         132  0.360469793355623     
         130         132  0.142253119864039     
         131         132  0.148133665731612     
         121         133  0.252076421390106     
         122         133  0.269299040585483     
         124         133  0.557681109458493     
         127         133  0.269387411715690     
         128         133  0.274084900957003     
         130         133  0.518226909487782     
         122         134  0.237385039981358     
         123         134  0.259760078787877     
         125         134  0.544558007348670     
         128         134  0.269377777567205     
         129         134  0.256006727262362     
         131         134  0.542813217366313     
         124         135  0.134896311130109     
         125         135  0.156550163336117     
         126         135  0.601574422764835     
         130         135  0.155440862567545     
         131         135  0.164143832964672     
         132         135  0.493683945751914     
         121         136  0.195617284427782     
         124         136  0.723580748743499     
         127         136  0.173220086771519     
         130         136  0.679816124480680     
         133         136  0.840028051452642     
         123         137  0.171265444556742     
         125         137  0.665571595618106     
         129         137  0.180732813752279     
         131         137  0.645936338316602     
         134         137  0.894018244233551     
         126         138  0.634743666014593     
         132         138  0.460344473420777     
         135         138  0.794866491021367     
         136         138  0.113400419729697     
         126         139  0.684336731000823     
         132         139  0.419831630907467     
         135         139  0.783993555211049     
         137         139  0.126038959082221     
         138         139  0.116127696288867     
          68         140  0.195943774601119     
         121         140   1.72010944818169     
         122         141   1.91335202613836     
         123         142   2.02776901498958     
         124         143   1.68854615261035     
         125         144   1.74459883007012     
          22         145  0.443524857228475     
          79         145  0.525909360342498     
         124         145  0.115943251952248     
         126         145  0.413017492081835     
          78         146  0.146898589377349     
         125         146  0.191124679289408     
         126         146  0.913882000329526     
         139         146  0.268802803777563     
         127         147   2.03143372255461     
         128         148   1.89609453813870     
         129         149   2.01836647897147     
         130         150   1.72732085349101     
         131         151   1.73995478707777     
         130         152  0.202192364467987     
         132         152   1.07016668436412     
         138         152  0.444381213983826     
         131         153  0.206519323780551     
         132         153   1.09198222289693     
         139         153  0.412009175313945     
         146         153  0.100929107016644     
