   -0.04122650
   -0.16700690
    0.25823854
   -0.42756994
    0.06453932
   -0.04690367
    0.16147191
   -0.25417862
    0.13973183
   -0.05967620
   -0.04859911
    0.05835998
   -0.17441202
    0.32531389
   -0.43242608
   -0.17645014
    0.08655565
   -0.03943615
   -0.03848046
    0.09574778
   -0.12719197
   -0.02982562
    0.48385884
   -0.19977798
   -0.20958747
   -0.19906109
   -0.05092789
    0.14586678
   -0.22248577
   -0.07017489
   -0.06153541
    0.05660878
   -0.24640221
    0.05603355
    0.05490515
    0.08060141
    0.19133980
    0.08865482
    0.06101004
    0.09596462
    0.19209897
    0.18470119
    0.10352988
    0.08534593
    0.06996879
    0.08293008
    0.04822805
    0.05211841
    1.05007638
    1.54985300
    1.04821249
    1.37903668
    1.12045332
    1.04327762
    0.88142819
    1.34846016
    1.00813738
    1.09642584
    1.18889858
    1.02601393
   -0.25730917
   -0.25501505
   -0.01933291
   -0.20889770
   -0.22383951
   -0.34602468
   -0.40362684
   -0.84641106
   -0.87997073
   -0.95517570
   -1.00685322
   -0.91231549
   -0.82035101
   -0.79596651
   -0.63505007
   -0.86372067
   -0.79897833
   -0.94554147
   -0.96906548
   -0.81667231
   -0.78054353
