           1           2   1.01118278479650     
           2           3   1.24619442544922     
           2           4  0.213840926125111     
           3           4   1.66681360869471     
           3           5  0.979272102702384     
           5           6   1.42012476615755     
           6           7   1.37420825526905     
           7           8   1.02148662043362     
           8           9   1.01374637031075     
           9          10   1.37947840804578     
          10          11   1.44418239892787     
          11          12   1.37640317836923     
          12          13   1.07749624192648     
          13          14   1.13391178924124     
          13          15  0.137234453013450     
          14          15   1.64273912957562     
          14          16   1.11762157244064     
          15          16  0.130364889725499     
          16          17   1.09081634893680     
          17          18   1.36163528922504     
          18          19   1.45363662457575     
          19          20   1.38856244378601     
          20          21   1.00619677316609     
          20          22   1.36908604412149     
          22          23  0.959988501552977     
          23          24  0.947620241378225     
          23          25  0.941787439580916     
          23          26  0.948376350484727     
          17          27   1.36879433214823     
          19          27  0.106048295909044     
          22          27   1.40840502992300     
          12          28   1.32050131229069     
          28          29  0.956705366966493     
           9          30   1.37153619870094     
          11          30  0.102499394139972     
          28          30   1.41658191568375     
           7          31   1.37311024544573     
          31          32   1.43989168986413     
           5          33   1.36957852483993     
          32          33   1.43644794246254     
           1          34  0.971277783483036     
           1          35  0.982363256147974     
           1          36  0.975536948795467     
           2          37  0.927953231720679     
           6          38  0.958333032228144     
          10          39  0.966796589487948     
          11          40  0.958045203162539     
          13          41  0.928931327178986     
          16          42  0.931706426341619     
          18          43  0.954892710545438     
          19          44  0.963458364064129     
          27          45  0.961750763529818     
          30          46  0.962039678320442     
          31          47  0.966233542671635     
          32          48  0.963369063176063     
          49          50  0.201225045891534     
          50          51  0.188519405421815     
          49          52  0.198135102636081     
          50          53  0.137726376238510     
          50          54  0.136700719708162     
          52          54  0.210641687412578     
          53          54  0.173990597942066     
          49          55  0.330955607625770     
          51          55  0.139729952284226     
          55          56  0.607191995009202     
          51          57  0.371460951952315     
          56          57  0.166260618512735     
          52          58  0.177254908981313     
          56          58  0.140923135532460     
          53          59  0.283812533692132     
          57          59  0.129882319065067     
          56          60  0.147806227340946     
          57          60  0.220790035748354     
          58          60  0.199636017812828     
          59          60  0.210427911906762     
          52          61  0.721319089955886     
          58          61  0.155229475565640     
          53          62  0.152129963172684     
          59          62  0.669818545491484     
          58          64  0.726086309495675     
          61          64   2.73890057271590     
          53          65  0.743514012417746     
          62          65   2.73205598066055     
          53          66  0.160681049972706     
          58          66   1.05628676696150     
          59          66  0.141386492901142     
          63          66   2.00835862601503     
          53          67  0.893176396373375     
          58          67  0.231590796405562     
          59          67  0.653322132003734     
          63          67   1.60349859826842     
          49          68  0.845283455083251     
          52          68  0.706570741004895     
          55          68  0.147154658904328     
          49          69  0.813956278323277     
          50          69  0.752513130099421     
          54          69  0.122964770714594     
          50          70  0.692477930300497     
          51          70  0.598542932393178     
          55          70  0.152479461921428     
          50          71  0.605012274757353     
          52          71  0.561448992273843     
          50          72  0.746500143632900     
          51          72  0.110055202862892     
          53          72  0.600733247471020     
          52          73  0.937764744326634     
          54          73  0.710979291504300     
          53          74  0.772901641011609     
          54          74  0.974711583346678     
          55          75   1.99673403471669     
          56          76  0.753112776470797     
          57          76  0.834985506582658     
          51          77  0.963215934640691     
          57          77  0.763661786148115     
          59          77  0.113573866283788     
          52          78  0.124149615708404     
          55          78  0.111887892674617     
          56          78  0.801869726969248     
          58          78  0.441803355695024     
          56          79  0.715128690611819     
          59          79  0.441511920299677     
          56          80  0.195745380399359     
          58          80  0.615096104513285     
          60          80  0.900276396481910     
          59          81  0.967878582139035     
          60          81  0.734089316989826     
