   -0.24103413
    0.07713952
   -0.09322745
   -0.01755214
    0.01699963
   -0.18384636
    0.32013034
   -0.41639773
   -0.23894147
    0.03993496
   -0.06995157
   -0.05959683
   -0.06129845
   -0.06251782
   -0.07416967
    0.08500542
    0.08006374
    0.08533447
    0.07526692
    0.19550027
    0.07085251
    0.05322356
    0.04846377
    0.03411313
    0.03682442
    0.03496785
    0.03341968
    0.03818406
    0.04046563
    0.05182065
    0.03883197
    1.05001734
    1.55174855
    1.04981423
    1.38011899
    1.14579391
    1.04111154
    0.88275954
    1.34956596
    1.01024547
    1.10365022
    1.19371285
    1.02894745
   -0.25641214
   -0.25656788
   -0.01668350
   -0.20887571
   -0.21909395
   -0.33963052
   -0.39618606
   -0.84726491
   -0.88185880
   -0.95628674
   -1.00763287
   -0.91594056
   -0.82267405
   -0.78913440
   -0.63455335
   -0.86403907
   -0.79990045
   -0.94465214
   -0.96989749
   -0.81735836
   -0.78085196
