           1           2   1.77314516287132     
           1           3  0.220284810887785     
           2           3   1.03728988168504     
           3           4  0.996715180776596     
           4           5   1.00777307550487     
           5           6  0.950147135704138     
           3           7   1.07708857722473     
           3           8  0.102163339952608     
           7           8   1.65297544774705     
           7           9   1.15562532796424     
           8           9  0.162210637674453     
           9          10  0.981124189774508     
          10          11  0.981420705497446     
          11          12   1.01053151306940     
          12          13   1.00481952259876     
          13          14   1.00505380910141     
          10          15  0.988602901342123     
          14          15   1.00930827448449     
           4          16  0.955296671984072     
           4          17  0.960283099620406     
           5          18  0.974284516810915     
           5          19  0.975071261755363     
           9          20  0.902729461280080     
          10          21  0.915731521707491     
          11          22  0.973401752339087     
          11          23  0.975103288910560     
          12          24  0.978643463518794     
          12          25  0.977679312491499     
          13          26  0.980691622359677     
          13          27  0.980742111287000     
          14          28  0.977345278381767     
          14          29  0.976893394848945     
          15          30  0.972739351663243     
          15          31  0.958958399361249     
          32          33  0.203781972755384     
          33          34  0.185515176940899     
          32          35  0.198128674531202     
          33          36  0.140599473745578     
          32          37  0.100584888183309     
          33          37  0.134819088438871     
          35          37  0.204838668182339     
          36          37  0.173798417899126     
          32          38  0.330951576445510     
          34          38  0.139670857444766     
          38          39  0.608003367602575     
          34          40  0.371057243443545     
          39          40  0.165866962495425     
          35          41  0.178881643359424     
          39          41  0.141493933021018     
          36          42  0.278350821443007     
          40          42  0.131667041125531     
          39          43  0.147570922309666     
          40          43  0.220403185646655     
          41          43  0.199081965088041     
          42          43  0.210994363876439     
          35          44  0.717898941100096     
          41          44  0.158077107761767     
          36          45  0.151588802125023     
          42          45  0.672220519823576     
          41          47  0.730754107861790     
          44          47   2.73837057787172     
          36          48  0.742517851809627     
          45          48   2.73126183427280     
          36          49  0.139427788865060     
          41          49   1.03546925292927     
          42          49  0.136173566405582     
          46          49   2.00474150906316     
          36          50  0.855396249740570     
          41          50  0.213053537559987     
          42          50  0.642244884735690     
          46          50   1.61267603752115     
          32          51  0.847701178943891     
          35          51  0.700958914216370     
          38          51  0.147755416095257     
          32          52  0.810663972702625     
          33          52  0.752435883950299     
          37          52  0.122740512136229     
          33          53  0.688982721104934     
          34          53  0.600556621710566     
          38          53  0.152272903089848     
          33          54  0.614024766459984     
          35          54  0.565242934169173     
          33          55  0.733362108440248     
          34          55  0.109961239983495     
          36          55  0.609066309287944     
          35          56  0.947260494482872     
          37          56  0.693384694573424     
          36          57  0.791697814524115     
          37          57  0.958462721601225     
          38          58   1.99682595362240     
          39          59  0.752969231818484     
          40          59  0.834494635482230     
          34          60  0.959555929533586     
          40          60  0.764053944340530     
          42          60  0.115266961023390     
          35          61  0.122237527953086     
          38          61  0.111252565588761     
          39          61  0.800576595441336     
          41          61  0.445951712554029     
          39          62  0.711866649800886     
          42          62  0.444335089157431     
          39          63  0.194532714498633     
          41          63  0.616712229783030     
          43          63  0.899057899338767     
          42          64  0.969876938737799     
          43          64  0.732631772710863     
