   -0.11666013
    0.06962350
   -0.04186934
    0.26751737
   -0.41060329
   -0.09445414
    0.31547638
   -0.44685716
   -0.07389371
    0.06038824
   -0.03742149
   -0.03863119
    0.06023891
   -0.08037584
   -0.05072958
    0.17235983
   -0.20010026
    0.05421081
   -0.03092556
   -0.03689176
   -0.02862423
   -0.04364079
    0.08058791
   -0.16625245
    0.27837086
   -0.41390749
   -0.05131476
   -0.06450505
   -0.05724539
    0.01205460
    0.17186131
   -0.21621941
   -0.04899199
   -0.03145330
   -0.03760610
   -0.03418009
    0.06073991
    0.06708562
    0.06476952
    0.06788945
    0.07140348
    0.08436976
    0.05915419
    0.05062015
    0.05272178
    0.08705218
    0.20717305
    0.05228670
    0.04380630
    0.03627296
    0.04817208
    0.03941626
    0.06575714
    0.05301165
    0.05084378
    0.05034951
    1.04959018
    1.55145885
    1.04904085
    1.37830411
    1.12441028
    1.04373405
    0.88016198
    1.34856188
    1.00784393
    1.09504400
    1.19053528
    1.02541456
   -0.25827537
   -0.25504325
   -0.01946536
   -0.20997093
   -0.22251827
   -0.34667164
   -0.40414617
   -0.84724459
   -0.87923121
   -0.95580151
   -1.00676180
   -0.91322748
   -0.82249176
   -0.79376325
   -0.63558140
   -0.86427731
   -0.79945357
   -0.94547607
   -0.96899575
   -0.81699163
   -0.78094232
