           1           2   1.02300772297185     
           2           3   1.61867344792729     
           3           4   1.06453946387447     
           4           5   1.67221172593063     
           4           6   1.06434155967574     
           5           6  0.121984856825696     
           6           7   1.09735156055517     
           6           8  0.113713141492309     
           7           8   1.54153644304516     
           2           9   1.11751958312458     
           7           9   1.11850366648556     
           8           9  0.126193914322735     
           9          10  0.986488779840210     
          10          11   1.33562268198721     
          11          12   1.43043781559831     
          12          13   1.40038960363662     
          13          14  0.932644070118087     
          13          15   1.35240193588314     
          10          16   1.38898245398437     
          15          16   1.26701461743245     
          16          17  0.958475606529128     
           6          18   1.00783069251858     
          18          19  0.998677811066520     
          19          20  0.840190228386452     
          18          21  0.116327427461729     
          20          21   1.20491069850499     
          21          22   1.50524893779377     
          18          23   1.32744627430499     
          22          23   1.19984032649819     
          23          24   1.10148254930914     
          24          25   1.14487141904936     
          24          26  0.141864815691952     
          25          26   1.67764201101996     
          25          27  0.956743745192874     
          27          28  0.972044902826698     
          27          29  0.966658711352108     
          28          29  0.979986272556789     
           3          30   1.00880339629632     
          30          31   1.35486521342833     
          31          32  0.976244618161470     
          31          33   1.39533549530175     
          30          34  0.107678943096481     
          33          34   1.44001609160492     
          34          35   1.43694455478362     
          30          36   1.40288412275112     
          33          36  0.110361585614460     
          35          36   1.44110492952688     
           1          37  0.971932773037097     
           1          38  0.954034677145879     
           1          39  0.975079958298360     
          11          40  0.955241761120145     
          12          41  0.959823567865584     
          15          42  0.889600636793780     
          19          43  0.814520600999590     
          20          44  0.938074855642481     
          21          45  0.946831784385598     
          22          46  0.914875731192394     
          24          47  0.851857283515189     
          27          48  0.879763711167974     
          28          49  0.979315498595356     
          28          50  0.976389025844183     
          29          51  0.978629291332244     
          29          52  0.978811961839077     
          33          53  0.965259910531720     
          34          54  0.969554970488360     
          35          55  0.969210901516250     
          36          56  0.969178726825495     
          14          57  0.117032242997167     
          15          57  0.122096526713190     
           8          58  0.101441925373517     
          57          58  0.321810638329622     
          58          59  0.321822753489346     
          57          60  0.190916193349535     
          58          60  0.131744602323460     
          58          61  0.101141930137615     
          59          61  0.184152330131822     
          60          62  0.139260964599755     
          61          62  0.143117268170254     
          57          63  0.590009045489623     
          58          63  0.105838121806210     
          57          64  0.103700388842464     
          58          64  0.377962077779024     
          59          64  0.100801409283969     
          63          64  0.323336117738632     
          58          65  0.117614771769636     
          59          65  0.571270913432908     
          64          65  0.357807683918438     
          60          66  0.176389371125316     
          63          66  0.215435067814863     
          64          66  0.144295086292445     
          61          67  0.184011351451285     
          64          67  0.137029227157292     
          65          67  0.205127218041141     
          62          68  0.339896652881296     
          66          68  0.142416384150030     
          67          68  0.160934673842373     
          57          69  0.250260219497125     
          58          69  0.239220689368836     
          60          69  0.551370325213175     
          63          69  0.276942156974411     
          64          69  0.273804342482999     
          66          69  0.536648608182198     
          58          70  0.243932411989439     
          59          70  0.253808026800915     
          61          70  0.568516258175478     
          64          70  0.276638815258124     
          65          70  0.298806553614186     
          67          70  0.514426190444613     
          60          71  0.125125454148021     
          61          71  0.154429599611056     
          62          71  0.577033486595354     
          66          71  0.162024523629465     
          67          71  0.172027181689418     
          68          71  0.504992701517404     
          57          72  0.157808936096089     
          60          72  0.673293470481304     
          63          72  0.188119938767460     
          66          72  0.668423106434272     
          69          72  0.873527558486422     
          59          73  0.164902794412105     
          61          73  0.705877788149189     
          65          73  0.191812458531278     
          67          73  0.673080516991072     
          70          73  0.841070702604646     
          62          74  0.647453526295395     
          68          74  0.438686507837401     
          71          74  0.790065294713733     
          72          74  0.122853239373801     
          61          75  0.102813232130586     
          62          75  0.552410373369849     
          68          75  0.480589458559025     
          71          75  0.811344495892192     
          73          75  0.121039850060150     
          74          75  0.113482618296080     
          15          76  0.125141969781430     
          57          76   1.78339238205342     
          58          77   1.90503804632966     
          59          78   1.92430252118683     
          60          79   1.73599800905828     
          61          80   1.54074874607993     
          60          81  0.200349599878874     
          62          81   1.26591922074428     
          74          81  0.284958669725807     
          19          82   1.01416569781124     
          20          82  0.582302947141620     
          62          82  0.383166993512026     
          63          83   2.02335243713548     
          64          84   1.89310948424239     
          65          85   2.01600281734300     
          66          86   1.72537528287942     
          67          87   1.71726454098791     
          66          88  0.205775599534226     
          68          88   1.07461354477593     
          74          88  0.430089296705556     
          67          89  0.204152327216356     
          68          89   1.06692747854410     
          75          89  0.475040206324309     
