    0.03127476
   -0.32031611
    0.07137602
    0.05714140
   -0.26629504
    0.12380101
   -0.09573613
    0.09931656
   -0.26343305
    0.13654034
   -0.26484179
    0.16104558
   -0.17187240
    0.07543076
   -0.04429595
   -0.03041757
   -0.03651018
    0.03983345
   -0.02176208
   -0.09966971
   -0.05455016
   -0.03260157
   -0.06852703
    0.12393669
   -0.26627463
    0.06569924
    0.06576377
   -0.30442224
    0.03206361
    0.03915462
    0.03711493
    0.06608857
    0.04193681
    0.03982984
    0.06229429
    0.07338409
    0.07944234
    0.05623747
    0.18009591
    0.05345377
    0.04046344
    0.03579480
    0.07587012
    0.02972868
    0.06994727
    0.03565794
    0.05852729
    0.03424954
    0.06864197
    0.06193367
    0.03749645
    0.03114298
    1.04288096
    1.55023000
    1.04579700
    1.37796264
    1.12192067
    1.03089267
    0.87934823
    1.34790718
    1.00557022
    1.09390628
    1.18776384
    1.02390788
   -0.25837969
   -0.25643487
   -0.01867700
   -0.21050411
   -0.22514378
   -0.34575332
   -0.40300130
   -0.84742417
   -0.88289385
   -0.95586812
   -1.00484110
   -0.91366210
   -0.82296017
   -0.79893333
   -0.63703646
   -0.86458139
   -0.79978688
   -0.94545445
   -0.96778903
   -0.81748762
   -0.78165918
