           1           2  0.989633937443704     
           2           3  0.985156745337587     
           3           4  0.992066605917085     
           4           5  0.965633892768619     
           5           6   1.06794062354495     
           6           7   1.43595024276473     
           7           8   1.28474744977686     
           8           9   1.28939549624613     
           9          10   1.48083641736142     
          10          11   1.37085000460174     
          11          12   1.40075963140471     
          12          13   1.11625946202098     
          13          14   1.08507476067604     
          14          15   1.36516859473593     
          15          16   1.44310880537025     
          16          17   1.44272113082755     
          17          18   1.36516286727844     
          18          19   1.09624391223054     
          19          20   2.83987256612734     
          14          21   1.37108246197151     
          16          21  0.102314510363004     
          18          21   1.38194000431426     
           8          22   1.22602327969249     
          12          22   1.23323409501844     
           7          23  0.110218564124042     
          22          23   1.29217559535696     
           6          24   1.23840444550881     
          23          24   1.45770387229393     
          24          25   1.05581036922186     
          25          26  0.955712644705360     
          26          27  0.991676816644520     
          27          28  0.991556735202551     
          28          29  0.994725957340673     
           1          30  0.978603096923722     
           1          31  0.978771364141104     
           1          32  0.979361699137454     
           3          33  0.967693302979342     
           3          34  0.966761560446569     
           4          35  0.959825274929570     
           4          36  0.966226283548213     
           7          37  0.952418438092081     
          10          38  0.956410442221078     
          13          39  0.925512759280025     
          15          40  0.966500136088714     
          16          41  0.970639451460979     
          17          42  0.970536598129164     
          20          43  0.970208534319921     
          21          44  0.967337070604198     
          23          45  0.962709661188547     
          26          46  0.970722366232493     
          26          47  0.963655424384714     
          27          48  0.965378383685215     
          27          49  0.967875608383933     
          29          50  0.979440532119756     
          29          51  0.976953137510697     
          29          52  0.978126132256185     
          53          54  0.204261800706103     
          54          55  0.186959194289014     
          53          56  0.199781754807015     
          54          57  0.137492177085064     
          54          58  0.134058577521692     
          56          58  0.204716400299034     
          57          58  0.176763331027070     
          53          59  0.332046231769155     
          55          59  0.140302858753153     
          59          60  0.606912261464966     
          55          61  0.372151626808315     
          60          61  0.165458247558478     
          56          62  0.177767687838250     
          60          62  0.141074740395675     
          57          63  0.282549716844139     
          61          63  0.130624781177142     
          60          64  0.147574836612060     
          61          64  0.220716776184978     
          62          64  0.198729279907696     
          63          64  0.210680540452261     
          56          65  0.721074408274423     
          62          65  0.155593133281205     
          57          66  0.153038173900818     
          63          66  0.669039939961289     
          62          68  0.726380637112643     
          65          68   2.73886084119378     
          57          69  0.744036723666531     
          66          69   2.73170544102601     
          57          70  0.157122334567879     
          62          70   1.06096601786364     
          63          70  0.141687672236925     
          67          70   2.00618095373727     
          57          71  0.887925255358877     
          62          71  0.235505662587247     
          63          71  0.652781131374325     
          67          71   1.60544787784155     
          53          72  0.847285086713822     
          56          72  0.702800581985323     
          59          72  0.147455121837064     
          53          73  0.814699923862197     
          54          73  0.751266828877022     
          58          73  0.121915182222850     
          54          74  0.691261177549917     
          55          74  0.599127619286188     
          59          74  0.152335972905235     
          54          75  0.609347756812475     
          56          75  0.564378332916212     
          54          76  0.742666817402642     
          55          76  0.110080596614717     
          57          76  0.603227595219030     
          56          77  0.943130107685491     
          58          77  0.698534744741095     
          57          78  0.767463385790172     
          58          78  0.982834067064367     
          59          79   1.99585990647341     
          60          80  0.751331076814360     
          61          80  0.835959866747309     
          55          81  0.962181939102163     
          61          81  0.764037042904016     
          63          81  0.113695136485277     
          56          82  0.123071403496690     
          59          82  0.112179257859790     
          60          82  0.804187380450157     
          62          82  0.440656668159919     
          60          83  0.715232202909425     
          63          83  0.442158414262968     
          60          84  0.196308726961605     
          62          84  0.612258972127992     
          64          84  0.901989036967231     
          63          85  0.968110589946460     
          64          85  0.733474587024133     
