    0.03208929
   -0.32012139
    0.07228547
    0.05871407
   -0.26563773
    0.12374536
   -0.09316060
    0.10047674
   -0.26418706
    0.13681237
   -0.27079464
    0.16046112
   -0.17363296
    0.07582454
   -0.04517251
   -0.03137526
   -0.03716316
    0.04006905
   -0.02178333
   -0.09917790
   -0.05458938
   -0.03442738
   -0.06958808
    0.12427361
   -0.26650135
    0.06516488
    0.06560920
   -0.30482315
    0.03234247
    0.03855049
    0.03670676
    0.06567855
    0.04090210
    0.03869886
    0.06107780
    0.07361456
    0.07688902
    0.05198572
    0.18017621
    0.05016173
    0.03723325
    0.03541791
    0.07661317
    0.03072471
    0.06856168
    0.03763555
    0.05899325
    0.03530189
    0.06829703
    0.06128700
    0.03736380
    0.03141925
    1.04775961
    1.55086746
    1.04813020
    1.37833188
    1.12583236
    1.03095622
    0.87999576
    1.34805233
    1.00681052
    1.09307023
    1.18916035
    1.02438037
   -0.25878577
   -0.25617343
   -0.01962577
   -0.21063643
   -0.22193471
   -0.34769520
   -0.40472540
   -0.84727370
   -0.88116375
   -0.95580938
   -1.00589252
   -0.91340370
   -0.82476405
   -0.79232480
   -0.63625434
   -0.86439618
   -0.79948980
   -0.94532897
   -0.96870846
   -0.81708585
   -0.78089763
