           1           2  0.201606191827676     
           2           3  0.188165782583756     
           1           4  0.198160290346989     
           2           5  0.138038726685240     
           2           6  0.136299420228402     
           4           6  0.210587736708245     
           5           6  0.174187950642887     
           1           7  0.330695117401460     
           3           7  0.141928410402902     
           7           8  0.611609472147702     
           3           9  0.370988621604130     
           8           9  0.166884389096542     
           4          10  0.178498165324412     
           8          10  0.140435931623353     
           5          11  0.284572417949862     
           9          11  0.130453407434116     
           8          12  0.148558070683112     
           9          12  0.219303830539602     
          10          12  0.199762577223085     
          11          12  0.210157587395596     
           4          13  0.721060549618318     
          10          13  0.156632015726203     
           5          14  0.152164861944211     
          11          14  0.670653366456135     
          10          16  0.725389884624064     
          13          16   2.73787468307814     
           5          17  0.743325734188117     
          14          17   2.73191584458264     
           5          18  0.161358071074130     
          10          18   1.05215958874950     
          11          18  0.141966115856199     
          15          18   2.01063973377650     
           5          19  0.895143743275179     
          10          19  0.229957023528796     
          11          19  0.655460833669749     
          15          19   1.60087551057111     
           1          20  0.846760452264019     
           4          20  0.707153695627516     
           7          20  0.146850407736214     
           1          21  0.816504603434465     
           2          21  0.751421620402262     
           6          21  0.122311368174013     
           2          22  0.690793744498909     
           3          22  0.600799305218313     
           7          22  0.154790354466767     
           2          23  0.607587060550373     
           4          23  0.560566949167908     
           2          24  0.746757413713693     
           3          24  0.110759594851235     
           5          24  0.600234822740062     
           4          25  0.937849891616977     
           6          25  0.713455352480718     
           5          26  0.771800732089310     
           6          26  0.974694300068286     
           7          27   2.00309653242256     
           8          28  0.753932451760442     
           9          28  0.835570266524352     
           3          29  0.962211182932134     
           9          29  0.763543409551456     
          11          29  0.114231750877016     
           4          30  0.124340703434390     
           7          30  0.109582287802322     
           8          30  0.798805193703582     
          10          30  0.448903787423882     
           8          31  0.719824027055918     
          11          31  0.436879994897279     
           8          32  0.192442782018091     
          10          32  0.619697080739199     
          12          32  0.901530995391786     
          11          33  0.968002091542050     
          12          33  0.733270134261242     
