    0.03684829
   -0.29270187
    0.15236540
   -0.05571475
   -0.01265120
    0.15131322
   -0.26105603
    0.13858621
   -0.06185051
   -0.04839552
    0.06796011
   -0.18067856
    0.32375531
   -0.45027343
   -0.20973145
    0.04800639
   -0.07858634
   -0.07740236
    0.06817468
   -0.17252969
   -0.06243114
   -0.06256545
    0.05344549
   -0.23984608
    0.09076286
   -0.04743636
   -0.03050496
    0.28953208
   -0.42063969
   -0.27181926
    0.06608704
    0.05222433
    0.03315205
    0.06503804
    0.05404357
    0.09696294
    0.18969804
    0.16850099
    0.06628905
    0.04094513
    0.04741735
    0.04086410
    0.04719259
    0.07419316
    0.04964711
    0.05312508
    0.06936652
    0.18188640
    0.19636148
    1.05333740
    1.55045585
    1.04905329
    1.37975904
    1.12867644
    1.04312194
    0.88194697
    1.34803913
    1.00849591
    1.09704720
    1.18937629
    1.02602614
   -0.25619330
   -0.25584744
   -0.01906062
   -0.20929036
   -0.22186220
   -0.34532278
   -0.40314082
   -0.84624681
   -0.87978146
   -0.95505279
   -1.00719955
   -0.91203795
   -0.82010015
   -0.79366077
   -0.63440962
   -0.86320642
   -0.79857716
   -0.94543862
   -0.96947057
   -0.81627670
   -0.78008983
