           1           2  0.951460823281809     
           2           3   1.02977179583927     
           3           4   1.45832886119592     
           4           5   1.29905560449890     
           5           6   1.30722437936472     
           6           7   1.48036423733280     
           7           8   1.37924885619830     
           6           9  0.108051029008758     
           8           9   1.43811507990581     
           9          10   1.00944620394655     
          10          11   1.00970809261481     
          11          12   1.37289235116149     
          12          13   1.45009444969536     
          13          14   1.36606623439039     
          14          15   1.09344401373853     
          15          16   1.11773297513919     
          15          17  0.125052136750446     
          16          17   1.63865070663965     
          16          18   1.14746485023761     
          17          18  0.153353353131931     
          18          19  0.998181573862894     
          19          20  0.966461250218774     
          19          21  0.972530449011655     
          20          21  0.980950069749045     
          14          22   1.32583847694606     
          22          23  0.968224154875753     
          11          24   1.37161001668704     
          13          24  0.100865591785309     
          22          24   1.41756197092985     
           5          25   1.20943665438538     
           9          25   1.25898677191905     
           4          26  0.124887100147305     
          25          26   1.29765092172833     
           3          27   1.28440164480170     
          26          27   1.47316068257195     
          27          28  0.987637660716921     
          28          29   1.70028870418771     
          28          30   1.22221705212541     
          29          30  0.196318992618781     
           1          31  0.978933695530384     
           1          32  0.980430297032936     
           1          33  0.980096140791599     
           4          34  0.961808358903328     
           7          35  0.962896233885587     
           8          36  0.964353469966701     
          12          37  0.935993133183514     
          13          38  0.954682969408472     
          15          39  0.922297483264600     
          18          40  0.936645536275343     
          19          41  0.960809654631959     
          20          42  0.978943210195172     
          20          43  0.979891218102952     
          21          44  0.980284700137361     
          21          45  0.978929995749198     
          24          46  0.964541082586147     
          26          47  0.964661391709241     
          30          48  0.948402946037404     
          30          49  0.941459219222476     
          50          51  0.203052214251986     
          51          52  0.186763579381692     
          50          53  0.199213277037773     
          51          54  0.137674539573321     
          51          55  0.135330120565145     
          53          55  0.202142936916060     
          54          55  0.176144637400595     
          50          56  0.332549176937625     
          52          56  0.140223145104081     
          56          57  0.608318868316954     
          52          58  0.371925005199665     
          57          58  0.165392963328299     
          53          59  0.178486208732262     
          57          59  0.141222777082409     
          54          60  0.284016087376775     
          58          60  0.130695788804150     
          57          61  0.147386500539944     
          58          61  0.220713570483359     
          59          61  0.198468666843172     
          60          61  0.210732610704776     
          53          62  0.719466052654934     
          59          62  0.157277732052056     
          54          63  0.153174421439475     
          60          63  0.668564522388916     
          59          65  0.728904389721260     
          62          65   2.73884156358469     
          54          66  0.744564372341385     
          63          66   2.73194276429309     
          54          67  0.159417195747515     
          59          67   1.05577525659961     
          60          67  0.141255747775455     
          64          67   2.00850905318952     
          54          68  0.891832570822321     
          59          68  0.230577867871527     
          60          68  0.651835248102259     
          64          68   1.60424953763518     
          50          69  0.847775073887527     
          53          69  0.701302586683335     
          56          69  0.147835900392087     
          50          70  0.813065207708595     
          51          70  0.750297174696616     
          55          70  0.123840440979363     
          51          71  0.689687631673608     
          52          71  0.599749600795284     
          56          71  0.152528605861730     
          51          72  0.609835795578651     
          53          72  0.564949531055657     
          51          73  0.744392170489387     
          52          73  0.110031491262801     
          54          73  0.601458135061812     
          53          74  0.948718691514491     
          55          74  0.693605563066082     
          54          75  0.766002209064675     
          55          75  0.979295512843646     
          56          76   1.99532045206032     
          57          77  0.750908074432381     
          58          77  0.836382501765449     
          52          78  0.962089048881359     
          58          78  0.763886838726420     
          60          78  0.113759274269161     
          53          79  0.122299023954053     
          56          79  0.112086575613525     
          57          79  0.804035880979962     
          59          79  0.441901636130099     
          57          80  0.714490761177927     
          60          80  0.442695554172380     
          57          81  0.195848760259728     
          59          81  0.612088557112287     
          61          81  0.902523674260278     
          60          82  0.968886788871241     
          61          82  0.732646098520799     
