   -0.04601934
   -0.16442407
    0.25922263
   -0.41798533
    0.06529488
   -0.05137017
    0.16289693
   -0.23009992
    0.15849336
   -0.04796840
   -0.04608978
    0.09517059
   -0.15057694
    0.31919247
   -0.33882062
   -0.16561771
    0.08943470
   -0.04699255
   -0.03528952
    0.09413533
   -0.12753770
   -0.02915226
    0.48363030
   -0.19866308
   -0.19829638
   -0.20848676
   -0.05080467
   -0.03696357
   -0.01891706
   -0.05655826
    0.05221202
   -0.24058184
    0.08328375
    0.05804011
    0.05588267
    0.19263903
    0.08597623
    0.08009098
    0.06368110
    0.19317956
    0.19311685
    0.15317511
    0.09058546
    0.07715897
    0.16450657
    0.22281357
    0.07555051
    0.05816428
    0.78753120
    0.75987239
    0.79781926
    1.02992599
    1.03209437
    1.06559660
    0.81756259
    0.77216001
    0.80981887
    1.05998512
    1.06274079
    1.08043220
   -0.73209060
   -0.73858721
   -0.57973193
   -0.40377734
   -0.41113538
   -0.33211931
   -0.34309269
   -0.52045246
   -0.56832718
   -0.53799840
   -0.63507630
   -0.69677649
   -0.60513500
   -0.61349881
   -0.53758448
   -0.57261597
   -0.53330702
   -0.65484843
   -0.64976214
   -0.56437771
   -0.56555657
