           1           2   1.01085608541767     
           2           3   1.24560537810248     
           2           4  0.210561254549202     
           3           4   1.66808468171253     
           3           5  0.975475172232962     
           5           6   1.41928416991734     
           6           7   1.36603112109306     
           7           8   1.02504051917845     
           8           9   1.02132105189308     
           9          10   1.37159621278608     
          10          11   1.45493284193722     
          11          12   1.32028010409143     
          12          13   1.09240770736986     
          13          14   1.12249036548387     
          13          15  0.127665409277385     
          14          15   1.64627827798002     
          14          16   1.10143112296249     
          15          16  0.127450843236084     
          16          17   1.10155447401706     
          17          18   1.35282184171537     
          18          19   1.44544829831992     
          19          20   1.38829816765627     
          20          21   1.00290155721100     
          20          22   1.36795849656358     
          22          23  0.960987805918408     
          23          24  0.948240899778564     
          23          25  0.948272305721684     
          23          26  0.942410481723437     
          17          27   1.36529493578167     
          19          27  0.103100259252191     
          22          27   1.40872887994034     
          10          28  0.100336884586215     
          12          28   1.37556313756859     
           9          29   1.28718940810404     
          28          29   1.36995840944910     
           7          30   1.36557918541515     
          30          31   1.44090229380668     
           5          32   1.36791894909236     
          31          32   1.43008308879313     
           1          33  0.975141426904355     
           1          34  0.971289218581541     
           1          35  0.982034310242286     
           2          36  0.926832945612402     
           6          37  0.957397340943734     
          10          38  0.963436751802602     
          11          39  0.964259642643417     
          13          40  0.929017724794433     
          16          41  0.928269725761305     
          18          42  0.901147937384394     
          19          43  0.934460418412893     
          27          44  0.960631700354315     
          28          45  0.850709009025532     
          29          46  0.765968071299485     
          30          47  0.961023328114758     
          31          48  0.961872954226302     
          49          50  0.297933362859274     
          50          51  0.318174460778686     
          15          52  0.109252304538619     
          49          52  0.189331132283725     
          50          52  0.127438772068099     
          50          53  0.113713444615116     
          51          53  0.194866382695801     
          52          54  0.147752278498610     
          53          54  0.141580404688873     
          49          55  0.573754927720732     
          50          55  0.114120086361670     
          50          56  0.377184664141033     
          51          56  0.109687674373875     
          55          56  0.336843681742498     
          50          57  0.115285284457920     
          51          57  0.591937489725947     
          56          57  0.318428365342423     
          52          58  0.150414446086172     
          55          58  0.199181666485827     
          56          58  0.132882433525918     
          53          59  0.165871448376029     
          56          59  0.128201265024590     
          57          59  0.191414967098567     
          54          60  0.257706226736568     
          58          60  0.158477415746763     
          59          60  0.161319190978105     
          49          61  0.251751023764680     
          50          61  0.257180585732169     
          52          61  0.489634915499083     
          55          61  0.291715403521705     
          56          61  0.273927788193681     
          58          61  0.506834996990983     
          50          62  0.255462770683240     
          51          62  0.284697567540367     
          53          62  0.515512842673236     
          56          62  0.260781778934754     
          57          62  0.279709776589995     
          59          62  0.507878397468999     
          52          63  0.140903435919609     
          53          63  0.147150144951863     
          54          63  0.485402571420281     
          58          63  0.168030623698641     
          59          63  0.169552381375880     
          60          63  0.502011272072959     
          49          64  0.172931289021602     
          52          64  0.623235083434870     
          55          64  0.185517053745658     
          58          64  0.656139519057074     
          61          64  0.887768044126859     
          51          65  0.178185236892532     
          53          65  0.663268063262818     
          57          65  0.177001195044717     
          59          65  0.629394091194553     
          62          65  0.875371146852966     
          54          66  0.419674871606567     
          60          66  0.431382836872755     
          63          66  0.821156108387928     
          64          66  0.245546695844855     
          54          67  0.422925263860434     
          60          67  0.429035744878115     
          63          67  0.811653904477761     
          65          67  0.247172506156551     
          66          67  0.132959127312892     
          49          68   2.02777026347138     
          50          69   1.91966540118065     
          51          70   2.01763038969275     
          52          71   1.73064014467768     
          53          72   1.65233757352683     
          52          73  0.219153431564545     
          54          73   1.13335868784458     
          66          73  0.361697660234453     
          29          74  0.146617094632969     
          53          74  0.163050528522646     
          54          74   1.01380358363550     
          67          74  0.321600607334612     
          55          75   2.01686637978432     
          56          76   1.91143986972323     
          57          77   2.02694727123710     
          58          78   1.73353651125895     
          59          79   1.74603469107600     
          58          80  0.224301806995667     
          60          80   1.10294525464007     
          66          80  0.407056610388467     
          73          80  0.128078582738483     
          59          81  0.231073317132252     
          60          81   1.10236064729336     
          67          81  0.370858526253770     
