   -0.05156229
   -0.18038524
    0.27121232
   -0.41780246
   -0.02201783
   -0.03486364
   -0.02963070
   -0.02815801
   -0.03336940
    0.05578363
   -0.14417336
    0.04929006
   -0.04540890
   -0.03694175
   -0.02119286
    0.06588784
   -0.03913070
   -0.04351300
    0.09774936
   -0.04373794
   -0.01295657
   -0.03975139
    0.05566236
   -0.23726691
   -0.21173386
   -0.02199608
    0.04533314
   -0.05757778
    0.05315675
    0.09005413
    0.06210500
    0.16719701
    0.04341021
    0.04306185
    0.04513801
    0.05457442
    0.04425712
    0.04879225
    0.05444749
    0.06263254
    0.04027309
    0.03680511
    0.03620450
    0.03892824
    0.16558430
    0.05755901
    1.04962125
    1.55211801
    1.04781760
    1.37911390
    1.12091544
    1.02998704
    0.88101031
    1.34808480
    1.00698874
    1.09510937
    1.18861784
    1.02451241
   -0.25845791
   -0.25572361
   -0.01954281
   -0.21015402
   -0.22534786
   -0.34735561
   -0.40470139
   -0.84829996
   -0.88002850
   -0.95641116
   -1.00589950
   -0.91185193
   -0.82183168
   -0.79644475
   -0.63605549
   -0.86455413
   -0.79973525
   -0.94594852
   -0.96848860
   -0.81740364
   -0.78158942
