           1           2   1.01105289264749     
           2           3   1.21011380107949     
           2           4  0.198016696401734     
           3           4   1.69542711918235     
           3           5  0.980487258702596     
           5           6   1.39364129714426     
           6           7   1.44296919581049     
           5           8  0.103526289678512     
           7           8   1.43115136058073     
           6           9  0.109120299938981     
           8           9   1.44342786690790     
           5          10   1.37416517500406     
           7          10  0.100054083344155     
           9          10   1.40227540911001     
          10          11   1.00047018212174     
          11          12  0.998039818939091     
          12          13   1.34652560228063     
          13          14   1.50691777297068     
          14          15   1.31271250975263     
          15          16   1.19021810401816     
          16          17   1.11727017667773     
          17          18   1.77986643759234     
          18          19   1.07996555426881     
          19          20   1.37243478580138     
          20          21   1.45227278351755     
          21          22   1.42788581474330     
          20          23  0.108802900779695     
          22          23   1.43354838288059     
          19          24   1.37290460454539     
          21          24  0.104529888962194     
          23          24   1.43785265319211     
          16          25   1.48504051797810     
          25          26   1.19278595788397     
          15          27   1.26180396055824     
          26          27   1.18959223219442     
          12          28   1.45960143001228     
          14          28  0.124915715821530     
          27          28   1.31211890207824     
           1          29  0.961291253312006     
           1          30  0.972526544704820     
           1          31  0.966052883684426     
           2          32  0.944721239791084     
           6          33  0.968106948484060     
           7          34  0.969258990004561     
           8          35  0.969240854784331     
           9          36  0.967917347144287     
          13          37  0.968849277491865     
          14          38  0.966306467390368     
          17          39  0.953919068106638     
          18          40  0.955949265312547     
          20          41  0.966792646429558     
          21          42  0.970073519880457     
          22          43  0.969337689634696     
          23          44  0.964852748304778     
          26          45  0.939203319250029     
          28          46  0.965907796894252     
          47          48  0.200677163190872     
          48          49  0.187502093201761     
          47          50  0.197301627176551     
          48          51  0.140122569537326     
          47          52  0.101114091401455     
          48          52  0.132010955203644     
          50          52  0.208958630404603     
          51          52  0.170870375068129     
          47          53  0.331669522566168     
          49          53  0.140415471811837     
          53          54  0.607816314262547     
          49          55  0.371945682027558     
          54          55  0.166661269468883     
          50          56  0.178344497433627     
          54          56  0.140792820230682     
          51          57  0.284034834188404     
          55          57  0.129324139905253     
          54          58  0.147909773524447     
          55          58  0.221161301275190     
          56          58  0.199648545526227     
          57          58  0.209915531050732     
          50          59  0.720288376478158     
          56          59  0.155386642601622     
          51          60  0.151049315589229     
          57          60  0.670822853405350     
          56          62  0.725831280776556     
          59          62   2.73915658880966     
          51          63  0.741242232901187     
          60          63   2.73235311106201     
          51          64  0.160555197712280     
          56          64   1.05805201676170     
          57          64  0.141292427870177     
          61          64   2.00813843234265     
          51          65  0.892504766378147     
          56          65  0.232544651374733     
          57          65  0.654729092979228     
          61          65   1.60420548921608     
          47          66  0.844050486754077     
          50          66  0.704809143881270     
          53          66  0.147550488327273     
          47          67  0.817332807738732     
          48          67  0.750263436144085     
          52          67  0.121596690605715     
          48          68  0.688249353406143     
          49          68  0.600253812700199     
          53          68  0.153050058260710     
          48          69  0.608513426770941     
          50          69  0.566237268042739     
          48          70  0.747788063221230     
          49          70  0.110318808952177     
          51          70  0.600975487936887     
          50          71  0.935178014324324     
          52          71  0.710477671603953     
          51          72  0.776408583545562     
          52          72  0.967752850414535     
          53          73   1.99566856438522     
          54          74  0.752321826957658     
          55          74  0.834867106240148     
          49          75  0.961126185383176     
          55          75  0.765060342498608     
          57          75  0.113256807735605     
          50          76  0.124417390918196     
          53          76  0.111955478397663     
          54          76  0.801313436925402     
          56          76  0.441480879622336     
          54          77  0.716051686284556     
          57          77  0.441009174866694     
          54          78  0.195600898522572     
          56          78  0.614664180058637     
          58          78  0.900099412213562     
          57          79  0.965480527862881     
          58          79  0.735107578103993     
