   -0.03976686
   -0.16952458
   -0.03747811
   -0.00037281
   -0.01489802
   -0.08406438
    0.26958474
   -0.42876553
   -0.15461113
    0.05909834
   -0.06442460
   -0.03253339
    0.15972848
   -0.16212600
    0.07675171
   -0.06167199
   -0.05210949
    0.15406130
   -0.20683736
    0.07716340
   -0.13524877
   -0.05949257
   -0.26995350
    0.14123508
   -0.26723965
    0.10484941
   -0.08402152
    0.12991850
   -0.28440945
    0.11289367
   -0.07501040
    0.07084019
   -0.32170425
    0.06808530
    0.04396369
    0.01900572
    0.04017866
    0.01788710
    0.04130084
    0.03942308
    0.06334304
    0.03768772
    0.07285290
    0.05773499
    0.20052730
    0.08588220
    0.19016759
    0.05594210
    0.07503051
    0.08846148
    0.05039226
    0.06281421
    0.04100374
    0.05767002
    0.04900152
    0.05429090
    0.04036481
    0.05079546
    0.05090089
    1.05337061
    1.55007663
    1.04893462
    1.37870506
    1.11848146
    1.04167762
    0.88223389
    1.34774270
    1.00854320
    1.09600456
    1.18944476
    1.02543641
   -0.25710739
   -0.25478445
   -0.01963038
   -0.21004983
   -0.22466838
   -0.34735432
   -0.40457069
   -0.84664451
   -0.88091717
   -0.95517394
   -1.00660343
   -0.91227863
   -0.82015708
   -0.79799026
   -0.63390447
   -0.86342089
   -0.79894615
   -0.94541537
   -0.96908411
   -0.81625929
   -0.78025931
