           1           2   1.01789468397724     
           2           3   1.01530362997667     
           2           4   1.00217817297015     
           4           5   1.02230125127278     
           5           6   1.60140321660306     
           6           7   1.17554967423228     
           7           8   1.01829023286502     
           7           9  0.983648718519561     
           9          10   1.11637014614356     
          10          11   1.32863105089906     
          11          12   1.27415846376821     
          12          13   1.17487985267454     
          13          14   1.09529446594608     
          14          15   1.12188554974831     
          15          16   1.32068801030895     
          16          17   1.42613428787852     
          17          18   1.36025804305820     
          18          19  0.929817585791660     
          18          20   1.33305518367084     
          20          21  0.978726786250125     
          15          22   1.31910922405195     
          20          22   1.39252388927954     
          13          23   1.37974308476259     
          23          24   1.32747904785205     
          24          25   1.45281719475508     
          12          26   1.21927159969173     
          25          26   1.26089338917323     
          26          27   1.20284556761119     
          10          28   1.20377687930346     
          27          28   1.41723423634639     
          28          29   1.05984154815214     
          29          30  0.946519032961054     
          30          31  0.982751451040689     
          31          32  0.992239579506263     
          32          33  0.989809206989054     
          30          34  0.974510775278170     
          33          34  0.997245576720848     
           1          35  0.981825761448150     
           1          36  0.973113548681754     
           1          37  0.982064407257559     
           3          38  0.972819248614263     
           3          39  0.982638000293789     
           3          40  0.980108041028962     
           4          41  0.938767972611829     
           4          42  0.956700970199739     
           5          43  0.921602160179602     
           6          44  0.937519302880251     
           9          45  0.905778279216188     
          11          46  0.895384170272752     
          14          47  0.909811720160087     
          16          48  0.941192756320342     
          17          49  0.926246562853605     
          22          50  0.907094782705286     
          24          51  0.909324693238152     
          27          52  0.909168851855475     
          30          53  0.956076583598856     
          31          54  0.883236111061593     
          31          55  0.915031566544594     
          32          56  0.968126837171799     
          32          57  0.966940154029409     
          34          58  0.965635663191591     
          34          59  0.966015831291531     
          21          62  0.121748968912923     
          61          62  0.175539793127603     
          60          63  0.241734343243206     
          27          64  0.100523765454849     
           5          65  0.105153198376723     
           6          65  0.101756249946279     
           7          65  0.326142720227709     
           8          65  0.746038756008757     
          11          65  0.122664170717194     
          60          65  0.116420156834470     
          63          65  0.114766605045125     
          21          66  0.191006105940578     
          60          66  0.315994653609368     
          66          67  0.215590232558046     
          62          68  0.284194797627959     
          67          68  0.218176215895566     
          63          69  0.278629916201165     
          67          69  0.123902764395701     
          64          70  0.231096986018312     
          68          70  0.133904254291193     
          68          71  0.168745648556080     
          69          71  0.229272375501663     
          70          71  0.229702106978378     
          63          72  0.667874223462612     
          69          72  0.125220367719373     
          64          73  0.140179108078305     
          70          73  0.691229362592619     
          63          75  0.109123251686768     
          69          75  0.703612481309162     
          72          75   2.73298025538700     
          64          76  0.657323996883884     
          70          76  0.102940246848168     
          73          76   2.71904278801911     
          63          77  0.619734704359190     
          64          77  0.101256248222296     
          69          77  0.747840671365812     
          70          77  0.100564538483845     
          74          77   1.70346107709477     
          63          78  0.105853700020777     
          64          78  0.682870205161930     
          69          78  0.123522362981204     
          70          78  0.548780034617608     
          74          78   1.81940033868515     
          77          78  0.132118725819954     
          60          79   1.03617914024260     
          66          79  0.677290133888255     
          60          80  0.171317895764802     
          61          80  0.711579592176435     
          65          80  0.574775453452588     
          61          81  0.772176598764402     
          62          81  0.626350469607643     
          66          81  0.107787512189580     
          61          82  0.483123372746536     
          63          82  0.689176595069230     
          61          83  0.727655312275961     
          64          83  0.593261240315148     
          60          84  0.102858885353045     
          63          84  0.887175280435003     
          65          84  0.663438174378026     
          64          85  0.828153399656056     
          65          85  0.693837187791104     
          66          86  0.746764917974758     
          67          86  0.740910781673899     
          67          87  0.773730085807176     
          68          87  0.786979541183760     
          71          87  0.131023688718683     
          62          88  0.803721072279526     
          68          88  0.842468738349849     
          70          88  0.114136523983855     
          67          89  0.691921313289753     
          69          89  0.748413110298911     
          67          90  0.650450234973629     
          70          90  0.537055153067402     
          69          91  0.872159953471093     
          71          91  0.919123256233717     
          68          92  0.111832898923187     
          70          92  0.927924538696447     
          71          92  0.726745490823642     
