   -0.05560311
   -0.09392657
   -0.05404436
   -0.00767829
   -0.03105260
   -0.06466733
    0.28118096
   -0.38425131
   -0.11778831
    0.09643214
   -0.03886365
    0.00516428
    0.17032903
   -0.12948643
    0.07795364
   -0.05404632
   -0.04653139
    0.16134347
   -0.19699143
    0.08407406
   -0.12415567
   -0.05237750
   -0.21806229
    0.13286973
   -0.15899584
    0.12977791
   -0.08342635
    0.13481683
   -0.23917004
    0.12434534
    0.07414901
    0.10120562
   -0.26949280
    0.07945234
    0.06311827
    0.05460091
    0.05702572
    0.05516472
    0.05260229
    0.06150621
    0.07123646
    0.06910665
    0.04347601
    0.08926094
    0.21189802
    0.12975992
    0.19934788
    0.05920378
    0.08042327
    0.09318194
    0.08659836
    0.26956905
    0.63771115
    0.37420005
    0.11454486
    0.07060946
    0.14010475
    0.08482413
    0.09114357
    0.91801124
   -6.27308500
    0.74218837
    0.86636158
    0.89056698
    0.95274564
    0.84743547
    1.35523116
    0.80755908
    0.76867189
    0.75246414
    0.98099945
    0.06420228
    0.07362888
   -0.39654398
   -0.32208035
   -0.31383023
   -0.26212816
   -0.26329444
   -0.45837895
    1.72477703
   -0.48130278
   -0.46102095
   -0.44662818
   -0.53396154
   -0.53124739
   -0.45515785
   -0.54008776
   -0.44463754
   -0.52193072
   -0.51659105
   -0.50899398
   -0.50664344
