           1           2  0.188453813860850     
           2           3  0.112321457453254     
           1           4  0.275191077995199     
           2           5  0.168243860676440     
           4           6  0.149398732798976     
           5           6  0.200463654852256     
           1           7  0.324852654702528     
           2           7  0.102311066256716     
           3           7  0.382635935503583     
           3           9  0.282864518536494     
           7           9  0.160663566261821     
           8           9  0.225018748057314     
           4          10  0.165344839577316     
           6          10  0.179262874190409     
           3          11  0.131621162673270     
           5          11  0.112792550693397     
           9          12  0.189407159188431     
          10          12  0.202456749510801     
          11          12  0.213738786556697     
           4          13  0.781066349420598     
          11          14  0.655030067998004     
          11          15  0.111582400715800     
           4          16  0.113897407876204     
          10          16  0.667541593587251     
          13          16   2.75121378401004     
           5          17  0.705111898724688     
          14          17   2.76082881383648     
           6          18  0.792138796383153     
          10          18  0.829683700960779     
          11          18  0.141400014443500     
          15          18   1.46782764580817     
           6          19  0.119985072909631     
          10          19  0.152768658159558     
          11          19  0.871101450094322     
          12          19  0.115101301643869     
          15          19   2.09212486233548     
          18          19  0.110572126926123     
           1          20  0.927038388612462     
           4          20  0.844997956393474     
           1          21  0.748338078678026     
           2          21  0.827208062442024     
           7          21  0.133059016207749     
           2          22  0.737613149799809     
           3          22  0.746034313429469     
           7          22  0.121184923827932     
           2          23  0.542679537949669     
           6          23  0.595841779412641     
           2          24  0.767175024669968     
           5          24  0.893890057698309     
           4          25  0.949793643524267     
           6          25  0.676841711266459     
           5          26  0.812962730452246     
           6          26  0.880575134913710     
           1          27  0.139053527373260     
           2          27  0.119943321110968     
           7          27  0.274302447614962     
           8          27  0.890480697635094     
           8          28  0.828142458096545     
           9          28  0.688593577223660     
          12          28  0.132140987804153     
           3          29  0.850915159424448     
           9          29  0.919480436832961     
           4          30  0.237941106250435     
           8          30  0.583264289686905     
          10          30  0.584823796858951     
           8          31  0.556183314426789     
          11          31  0.583208649796468     
          10          32   1.01007336596287     
          12          32  0.795341762229753     
           9          33  0.137604832986460     
          11          33  0.814008051117548     
          12          33  0.781093177656097     
