   -0.13413026
    0.18697327
   -0.24754248
    0.06275702
   -0.01057650
   -0.01005999
   -0.09117990
    0.32466999
   -0.41492386
   -0.22715643
    0.00646758
    0.01217694
   -0.19891697
    0.08615693
   -0.23736271
    0.07052269
   -0.23798929
    0.07768671
    0.07918590
    0.07291106
    0.04837729
    0.08483632
    0.05701405
    0.18193938
    0.08598920
    0.06511529
    0.07798811
    0.07869693
    0.06281122
    1.05550346
    1.55201241
    1.05238869
    1.38145277
    1.13187761
    1.04647677
    0.88522706
    1.34981313
    1.01329833
    1.10767085
    1.19545755
    1.03099708
   -0.25498982
   -0.25339697
   -0.01815164
   -0.20744970
   -0.22120953
   -0.34085126
   -0.39906202
   -0.84629310
   -0.87993512
   -0.95577319
   -1.00862852
   -0.91312501
   -0.81928369
   -0.78992332
   -0.63227050
   -0.86323403
   -0.79918923
   -0.94492842
   -0.97071803
   -0.81647312
   -0.77972698
