           1           2   1.02954603955295     
           2           3   1.39084166209602     
           3           4   1.42569270324744     
           4           5   1.41369341100422     
           5           6   1.00359398589956     
           6           7   1.01602106745382     
           3           8  0.100728664255735     
           5           8   1.36890871227472     
           2           9   1.39122177401913     
           4           9  0.101125191735746     
           8           9   1.39124523875576     
           8          10   1.01046441630663     
          10          11  0.998907453022193     
          11          12   1.21497086491929     
          11          13  0.172010825166960     
          12          13   1.60609868907957     
          12          14   1.07909787805802     
          14          15  0.984488543629437     
          15          16  0.997866907830788     
          16          17  0.956174998722086     
          14          18   1.06953432358064     
          14          19  0.221781763445332     
          18          19   1.72122745312731     
           1          20  0.975448615326241     
           1          21  0.976691421493224     
           1          22  0.952375325498865     
           4          23  0.959636225239058     
           6          24  0.967774530701262     
           6          25  0.945159644430872     
           7          26  0.965757231131925     
           7          27  0.963876995624655     
          10          28  0.933267750941164     
          10          29  0.939033234937412     
          11          30  0.910550042495407     
          15          31  0.960531163214101     
          15          32  0.959775586176684     
          16          33  0.976466298078890     
          16          34  0.976106888109139     
          35          36  0.200612951637225     
          36          37  0.187649566312285     
          35          38  0.196518431704004     
          36          39  0.138779281385900     
          35          40  0.102006012775767     
          36          40  0.136686573795012     
          38          40  0.210008403860120     
          39          40  0.173912893501698     
          35          41  0.326026967952526     
          37          41  0.139513759139194     
          41          42  0.610068245957229     
          37          43  0.370408609989249     
          42          43  0.166559157797255     
          38          44  0.178742419441032     
          42          44  0.141054810668970     
          39          45  0.278365560503120     
          43          45  0.131321408430883     
          42          46  0.147030381945411     
          43          46  0.219810937177292     
          44          46  0.200450770022114     
          45          46  0.210996211383108     
          38          47  0.718724561305716     
          44          47  0.157259433065717     
          39          48  0.152631840427770     
          45          48  0.671740750108255     
          44          50  0.729610437007427     
          47          50   2.73888298026330     
          39          51  0.745390477069011     
          48          51   2.73112569481542     
          39          52  0.142981684259364     
          44          52   1.02833249648064     
          45          52  0.133904117390764     
          49          52   2.00816717535178     
          39          53  0.861559851975268     
          44          53  0.207023720498406     
          45          53  0.639512346387387     
          49          53   1.60981447229085     
          35          54  0.843055849206004     
          38          54  0.705913670769006     
          41          54  0.147183741730406     
          35          55  0.812402716993783     
          36          55  0.751875754885313     
          40          55  0.123157012060611     
          36          56  0.693007123890660     
          37          56  0.597068803394926     
          41          56  0.152335100472822     
          36          57  0.606097414279450     
          38          57  0.562984069475503     
          36          58  0.736989750912231     
          37          58  0.109207677493563     
          39          58  0.607884972798269     
          38          59  0.936858043691083     
          40          59  0.707442942878558     
          39          60  0.785629548895505     
          40          60  0.959334468949534     
          41          61   1.99982258709976     
          42          62  0.756541513463338     
          43          62  0.831951743585449     
          37          63  0.959775596639549     
          43          63  0.764085519694747     
          45          63  0.115646156607762     
          38          64  0.124075723894002     
          41          64  0.110498735609375     
          42          64  0.796932046663242     
          44          64  0.447699743698373     
          42          65  0.709117917279023     
          45          65  0.444214140401751     
          42          66  0.193892559887284     
          44          66  0.621587697133393     
          46          66  0.896210263751010     
          45          67  0.972215441608814     
          46          67  0.732315002029975     
