   -0.13728551
    0.01700271
   -0.03029545
   -0.03856541
    0.09555623
   -0.12081995
    0.25352988
   -0.28780606
    0.26021534
   -0.11917077
    0.08115615
   -0.04979382
   -0.04995717
    0.04303642
   -0.02009494
   -0.20957785
    0.07633135
   -0.12820504
   -0.01637246
   -0.04352089
   -0.28348959
    0.25341699
   -0.03589574
   -0.07185981
   -0.06506791
   -0.25384578
   -0.04912452
   -0.10922528
    1.15880164
   -0.55949211
   -0.58591622
   -0.46001541
    0.05903915
    0.08387558
    0.06848005
    0.07309749
    0.08092439
    0.22194164
    0.21086881
    0.04851169
    0.04725672
    0.16446883
    0.06328044
    0.07346724
    0.06619967
    0.08777726
    0.06209288
    0.12334939
    0.07053661
    0.05912696
    0.06971164
    0.08583203
    0.10840468
    0.20198437
    0.18640111
    0.77549578
    0.73153837
    0.78778966
    1.04080667
    1.04239561
    1.05733949
    0.79973470
    0.76343980
    0.80757842
    1.05785584
    1.06037283
    1.07514589
   -0.73288102
   -0.73186477
   -0.57132614
   -0.40837135
   -0.41044013
   -0.33743228
   -0.33557340
   -0.53707167
   -0.58546830
   -0.54940435
   -0.66389532
   -0.66596995
   -0.60728373
   -0.59115513
   -0.53423174
   -0.57234110
   -0.53877654
   -0.65209438
   -0.65372832
   -0.57506759
   -0.57539355
