           1           2   1.02611339725888     
           2           3   1.38628106836021     
           3           4   1.42813851938565     
           4           5   1.33468166859394     
           5           6   1.10700218161864     
           6           7   1.15608073868178     
           7           8   1.30915922466552     
           8           9   1.32749343132152     
           9          10   1.15372826061424     
          10          11   1.11416988130940     
          11          12   1.29535928250550     
          12          13   1.51739937445404     
          13          14   1.29741233305479     
          14          15   1.20029434806966     
          15          16   1.17942883242403     
          16          17   1.53347419603550     
          17          18   1.03875135167861     
          14          19   1.25401949212824     
          17          19   1.20716042341872     
          11          20   1.38226464309953     
          13          20  0.105941077167553     
          19          20   1.32100282705618     
           9          21   1.31945028051761     
          21          22   1.30219715254095     
          22          23   1.17814062535479     
          23          24  0.992017789491852     
          23          25  0.995474736634802     
           7          26   1.33063964308871     
          22          26   1.30064598461115     
           3          27  0.100802322656821     
           5          27   1.34749465427221     
           2          28   1.37051490838829     
          27          28   1.42365067653625     
          28          29  0.755593842153504     
          29          30   1.60835709118985     
          29          31   1.58745520400911     
          30          31  0.118098275069502     
          29          32  0.917170657072082     
           1          33  0.980699624967027     
           1          34  0.954452240865535     
           1          35  0.972553148931379     
           3          36  0.945353197702112     
           4          37  0.941871995932612     
           6          38  0.911949681421736     
          10          39  0.922376572372661     
          12          40  0.966496344098412     
          13          41  0.968355969707959     
          15          42  0.942398084587779     
          18          43  0.964155276959578     
          18          44  0.948164941732303     
          18          45  0.981787092924677     
          20          46  0.953560262892953     
          24          47  0.967342948750692     
          24          48  0.950518568182184     
          24          49  0.977778188695630     
          25          50  0.970456532923539     
          25          51  0.978577866967932     
          25          52  0.967739917149157     
          27          53  0.943857762070076     
          32          54  0.942615161192084     
          32          55  0.943520315718198     
          56          57  0.321554507778248     
          57          58  0.308657530964228     
          56          59  0.194473999619242     
          57          59  0.122928970495802     
          57          60  0.120798357298288     
          58          60  0.193389392183014     
          59          61  0.145473364518966     
          60          61  0.152109779562430     
          56          62  0.577611056375798     
          57          62  0.111783254573990     
          56          63  0.105749923306471     
          57          63  0.366076246662154     
          62          63  0.333314145696545     
          57          64  0.107587289439769     
          58          64  0.582725086684699     
          63          64  0.327312024498295     
          59          65  0.166457809827717     
          62          65  0.193344186120580     
          63          65  0.129845429625546     
          60          66  0.166657575198737     
          63          66  0.127241093263043     
          64          66  0.196658823575383     
          61          67  0.244124866382045     
          65          67  0.159732568120661     
          66          67  0.159013180378593     
          56          68  0.262797418619503     
          57          68  0.256029076618225     
          59          68  0.514608960088166     
          62          68  0.275623667645947     
          63          68  0.269033826970019     
          65          68  0.511841982306661     
          57          69  0.248288218309509     
          58          69  0.267065504176151     
          60          69  0.505896676003618     
          63          69  0.262105316890749     
          64          69  0.291584591311924     
          66          69  0.504648012765282     
          59          70  0.147216550035362     
          60          70  0.153541806046382     
          61          70  0.466486310406506     
          65          70  0.166404119029814     
          66          70  0.167596939684665     
          67          70  0.503081415400130     
          56          71  0.167698104792907     
          59          71  0.655018634156227     
          62          71  0.178327003934680     
          65          71  0.638853896746670     
          68          71  0.888574980124678     
          58          72  0.172653543221806     
          60          72  0.641692759232769     
          64          72  0.183203805326705     
          66          72  0.642095753122162     
          69          72  0.884740621941322     
          61          73  0.405876487037678     
          67          73  0.441910837586618     
          70          73  0.826561609880362     
          71          73  0.239592718863265     
          61          74  0.402223109820917     
          67          74  0.439020387314735     
          70          74  0.827265963196057     
          72          74  0.243932362264340     
          73          74  0.139150080213155     
          56          75   2.02119640426939     
          57          76   1.90463729351015     
          58          77   1.99216087206544     
          59          78   1.74028687074309     
          60          79   1.73690293581262     
          59          80  0.216317927633815     
          61          80   1.11129403570005     
          73          80  0.359362442479382     
          60          81  0.219834473803430     
          61          81   1.10918692896718     
          74          81  0.366103468457413     
          62          82   2.02488569812139     
          63          83   1.91363295608384     
          64          84   2.02028068931973     
          65          85   1.74411571689475     
          66          86   1.74190538092142     
          65          87  0.230632110071147     
          67          87   1.10333110138357     
          73          87  0.389356076795630     
          80          87  0.124565199798101     
          66          88  0.230391965334006     
          67          88   1.09687816190191     
          74          88  0.397256329430366     
          81          88  0.129604658094372     
