&CONTROL
  calculation = 'relax'
  prefix = 'c_Nimustine'
  outdir = './tmp'
  pseudo_dir = '/home/andres/pseudo/SSSP_1.3.0_PBE_efficiency'
  forc_conv_thr = 2.0d-3
  etot_conv_thr = 1.0d-4
  nstep = 200
/
&SYSTEM
  ibrav = 0
  nat = 143
  ntyp = 6
  ecutwfc = 50
  ecutrho = 400
  occupations = 'smearing'
  smearing = 'mv'
  degauss = 0.01
  vdw_corr = 'dft-d3'
  nosym = .true.
/
&ELECTRONS
  conv_thr = 1.0d-7
  mixing_beta = 0.1
  mixing_mode = 'local-TF'
  mixing_ndim = 16
  electron_maxstep = 300
/
&IONS
  ion_dynamics = 'bfgs'
  trust_radius_ini = 0.2
  pot_extrapolation = 'second_order'
  wfc_extrapolation = 'second_order'
/
ATOMIC_SPECIES
  Ti 47.867 ti_pbe_v1.4.uspp.F.UPF
  C 12.011 C.pbe-n-kjpaw_psl.1.0.0.UPF
  O 15.999 O.pbe-n-kjpaw_psl.0.1.UPF
  N 14.007 N.pbe-n-radius_5.UPF
  H 1.008 H.pbe-rrkjus_psl.1.0.0.UPF
  Cl 35.45 cl_pbe_v1.4.uspp.F.UPF
CELL_PARAMETERS angstrom
  12.12000000 0.00000000 0.00000000
  6.06000000 10.49622789 0.00000000
  0.00000000 0.00000000 26.60000000
ATOMIC_POSITIONS angstrom
  Ti 0.000000 0.000000 13.300000  0 0 0
  C 1.515000 0.874686 14.450000  0 0 0
  C 3.030000 1.749371 12.150000  0 0 0
  Ti 3.030000 1.749371 15.630000
  Ti 1.515000 0.874686 10.970000  0 0 0
  O 0.000000 0.000000 16.600000
  O 0.000000 0.000000 10.000000  0 0 0
  Ti 1.515000 2.624057 13.300000  0 0 0
  C 3.030000 3.498743 14.450000  0 0 0
  C 4.545000 4.373428 12.150000  0 0 0
  Ti 4.545000 4.373428 15.630000
  Ti 3.030000 3.498743 10.970000  0 0 0
  O 1.515000 2.624057 16.600000
  O 1.515000 2.624057 10.000000  0 0 0
  Ti 3.030000 5.248114 13.300000  0 0 0
  C 4.545000 6.122800 14.450000  0 0 0
  C 6.060000 6.997485 12.150000  0 0 0
  Ti 6.060000 6.997485 15.630000
  Ti 4.545000 6.122800 10.970000  0 0 0
  O 3.030000 5.248114 16.600000
  O 3.030000 5.248114 10.000000  0 0 0
  Ti 4.545000 7.872171 13.300000  0 0 0
  C 6.060000 8.746857 14.450000  0 0 0
  C 7.575000 9.621542 12.150000  0 0 0
  Ti 7.575000 9.621542 15.630000
  Ti 6.060000 8.746857 10.970000  0 0 0
  O 4.545000 7.872171 16.600000
  O 4.545000 7.872171 10.000000  0 0 0
  Ti 3.030000 0.000000 13.300000  0 0 0
  C 4.545000 0.874686 14.450000  0 0 0
  C 6.060000 1.749371 12.150000  0 0 0
  Ti 6.060000 1.749371 15.630000
  Ti 4.545000 0.874686 10.970000  0 0 0
  O 3.030000 0.000000 16.600000
  O 3.030000 0.000000 10.000000  0 0 0
  Ti 4.545000 2.624057 13.300000  0 0 0
  C 6.060000 3.498743 14.450000  0 0 0
  C 7.575000 4.373428 12.150000  0 0 0
  Ti 7.575000 4.373428 15.630000
  Ti 6.060000 3.498743 10.970000  0 0 0
  O 4.545000 2.624057 16.600000
  O 4.545000 2.624057 10.000000  0 0 0
  Ti 6.060000 5.248114 13.300000  0 0 0
  C 7.575000 6.122800 14.450000  0 0 0
  C 9.090000 6.997485 12.150000  0 0 0
  Ti 9.090000 6.997485 15.630000
  Ti 7.575000 6.122800 10.970000  0 0 0
  O 6.060000 5.248114 16.600000
  O 6.060000 5.248114 10.000000  0 0 0
  Ti 7.575000 7.872171 13.300000  0 0 0
  C 9.090000 8.746857 14.450000  0 0 0
  C 10.605000 9.621542 12.150000  0 0 0
  Ti 10.605000 9.621542 15.630000
  Ti 9.090000 8.746857 10.970000  0 0 0
  O 7.575000 7.872171 16.600000
  O 7.575000 7.872171 10.000000  0 0 0
  Ti 6.060000 0.000000 13.300000  0 0 0
  C 7.575000 0.874686 14.450000  0 0 0
  C 9.090000 1.749371 12.150000  0 0 0
  Ti 9.090000 1.749371 15.630000
  Ti 7.575000 0.874686 10.970000  0 0 0
  O 6.060000 0.000000 16.600000
  O 6.060000 0.000000 10.000000  0 0 0
  Ti 7.575000 2.624057 13.300000  0 0 0
  C 9.090000 3.498743 14.450000  0 0 0
  C 10.605000 4.373428 12.150000  0 0 0
  Ti 10.605000 4.373428 15.630000
  Ti 9.090000 3.498743 10.970000  0 0 0
  O 7.575000 2.624057 16.600000
  O 7.575000 2.624057 10.000000  0 0 0
  Ti 9.090000 5.248114 13.300000  0 0 0
  C 10.605000 6.122800 14.450000  0 0 0
  C 12.120000 6.997485 12.150000  0 0 0
  Ti 12.120000 6.997485 15.630000
  Ti 10.605000 6.122800 10.970000  0 0 0
  O 9.090000 5.248114 16.600000
  O 9.090000 5.248114 10.000000  0 0 0
  Ti 10.605000 7.872171 13.300000  0 0 0
  C 12.120000 8.746857 14.450000  0 0 0
  C 13.635000 9.621542 12.150000  0 0 0
  Ti 13.635000 9.621542 15.630000
  Ti 12.120000 8.746857 10.970000  0 0 0
  O 10.605000 7.872171 16.600000
  O 10.605000 7.872171 10.000000  0 0 0
  Ti 9.090000 0.000000 13.300000  0 0 0
  C 10.605000 0.874686 14.450000  0 0 0
  C 12.120000 1.749371 12.150000  0 0 0
  Ti 12.120000 1.749371 15.630000
  Ti 10.605000 0.874686 10.970000  0 0 0
  O 9.090000 0.000000 16.600000
  O 9.090000 0.000000 10.000000  0 0 0
  Ti 10.605000 2.624057 13.300000  0 0 0
  C 12.120000 3.498743 14.450000  0 0 0
  C 13.635000 4.373428 12.150000  0 0 0
  Ti 13.635000 4.373428 15.630000
  Ti 12.120000 3.498743 10.970000  0 0 0
  O 10.605000 2.624057 16.600000
  O 10.605000 2.624057 10.000000  0 0 0
  Ti 12.120000 5.248114 13.300000  0 0 0
  C 13.635000 6.122800 14.450000  0 0 0
  C 15.150000 6.997485 12.150000  0 0 0
  Ti 15.150000 6.997485 15.630000
  Ti 13.635000 6.122800 10.970000  0 0 0
  O 12.120000 5.248114 16.600000
  O 12.120000 5.248114 10.000000  0 0 0
  Ti 13.635000 7.872171 13.300000  0 0 0
  C 15.150000 8.746857 14.450000  0 0 0
  C 16.665000 9.621542 12.150000  0 0 0
  Ti 16.665000 9.621542 15.630000
  Ti 15.150000 8.746857 10.970000  0 0 0
  O 13.635000 7.872171 16.600000
  O 13.635000 7.872171 10.000000  0 0 0
  C 12.387243 1.817947 20.451905
  C 11.854471 3.140234 20.906140
  N 12.118197 4.214219 20.143603
  C 11.606100 5.381369 20.573014
  C 10.844679 5.519188 21.716407
  C 10.301429 6.848902 22.129330
  N 9.099159 7.197443 21.402791
  C 7.862236 6.725142 21.743847
  O 7.705935 6.015123 22.742212
  N 6.793911 7.079759 20.924994
  C 5.459864 6.592877 21.264604
  C 5.257532 5.111201 20.954854
  Cl 5.227232 4.802983 19.200000
  N 6.867346 7.923751 19.685579
  O 7.994396 8.318801 19.378959
  C 10.610518 4.344672 22.408187
  N 9.869090 4.327268 23.588920
  N 11.108975 3.159897 22.025456
  H 11.658374 1.332753 19.796353
  H 12.580672 1.165634 21.308955
  H 13.324641 1.948149 19.902555
  H 11.838167 6.235392 19.942363
  H 10.098346 6.888684 23.205162
  H 11.040001 7.632902 21.925122
  H 9.195401 7.611278 20.483897
  H 4.703954 7.203998 20.756100
  H 5.315097 6.746645 22.341219
  H 6.044875 4.486122 21.384776
  H 4.296058 4.774636 21.353829
  H 9.763624 3.357770 23.872969
  H 8.962476 4.786793 23.463578
K_POINTS gamma
