   -0.13546191
    0.12253103
   -0.25778620
    0.18381189
   -0.27965126
    0.18146766
   -0.07281816
    0.48076600
   -0.21128943
   -0.19846191
   -0.21313525
   -0.18214594
    0.00210968
    0.07136310
   -0.32400309
    0.07241233
    0.00459617
   -0.01262566
    0.05439013
   -0.25292539
    0.13555533
   -0.09899129
    0.00522741
   -0.06879100
   -0.01254120
   -0.01644495
    0.08699712
    0.08034454
    0.07635360
    0.04642541
    0.05933518
    0.05170282
    0.04424590
    0.04640443
    0.05614115
    0.05521451
    0.03938336
    0.06021671
    0.17755683
    0.04940954
    0.04192912
    0.06118787
    1.05563320
    1.55075497
    1.04837056
    1.38081841
    1.12082638
    1.03425657
    0.88181817
    1.34804899
    1.00808027
    1.09738259
    1.18902136
    1.02565382
   -0.25692105
   -0.25535710
   -0.01898200
   -0.20958243
   -0.22453155
   -0.34561058
   -0.40354686
   -0.84817781
   -0.88167339
   -0.95625247
   -1.00743233
   -0.91306818
   -0.82089938
   -0.79796758
   -0.63505661
   -0.86381063
   -0.79914348
   -0.94581923
   -0.96922091
   -0.81688654
   -0.78073133
