           1           2   1.01566920862467     
           2           3   1.37559154864100     
           3           4   1.34043942655313     
           4           5   1.38349717210757     
           5           6   1.29345360448740     
           2           7   1.38720574183207     
           6           7   1.27537251321905     
           6           8   1.21991247658020     
           8           9  0.983014435835772     
           9          10  0.995920282283009     
          10          11  0.982723976638364     
          11          12  0.977648611614273     
           8          13  0.979028580167948     
          12          13   1.00359867257499     
           4          14   1.04322814619424     
          14          15   1.35422558479973     
          15          16   1.43636652536109     
          16          17   1.39907953834939     
          17          18  0.965316060643151     
          17          19   1.30613021602375     
          19          20   1.10416560039317     
          20          21  0.975437121899522     
          21          22  0.997072767040240     
          22          23  0.986427024924905     
          23          24  0.983467866188414     
          20          25  0.989643730041193     
          24          25  0.995004468297371     
          14          26   1.39171644238256     
          19          26   1.35274660683385     
           1          27  0.952107487116506     
           1          28  0.935231711141637     
           1          29  0.936323023212328     
           9          30  0.942346104139161     
           9          31  0.958561505419174     
          10          32  0.968278980850388     
          10          33  0.968722769597568     
          12          34  0.967946790491481     
          12          35  0.967652040640032     
          13          36  0.962323317532934     
          13          37  0.951755069981100     
          15          38  0.953860064399283     
          16          39  0.959666024395172     
          21          40  0.966330519371464     
          21          41  0.959414191905482     
          22          42  0.968548030201277     
          22          43  0.966151307608101     
          24          44  0.966807374958627     
          24          45  0.968775371881039     
          25          46  0.968510186214895     
          25          47  0.955049228150156     
          26          48  0.947149833460150     
          49          50  0.289290394961103     
          50          51  0.318964065827631     
          49          52  0.193126768532154     
          50          52  0.122249480997088     
          50          53  0.125440787434771     
          51          53  0.192400119188208     
          52          54  0.147826117083162     
          53          54  0.146868419036455     
          49          55  0.564896361302253     
          50          56  0.352195752572451     
          51          56  0.108543155523743     
          55          56  0.336100522958465     
          50          57  0.102871212458163     
          51          57  0.585520214723336     
          56          57  0.328760056643213     
          52          58  0.158985068583127     
          55          58  0.202659898361178     
          56          58  0.134185493075186     
          53          59  0.173198891341071     
          56          59  0.132347809448410     
          57          59  0.196148382122710     
          54          60  0.263405785073437     
          58          60  0.153908013477461     
          59          60  0.156736819553998     
          49          61  0.258135293330800     
          50          61  0.246955733307363     
          52          61  0.502075993098059     
          55          61  0.288994848349114     
          56          61  0.269495555603013     
          58          61  0.517037237791875     
          50          62  0.240536909712454     
          51          62  0.268512322410205     
          53          62  0.524950573060910     
          56          62  0.264441358393460     
          57          62  0.274871680271302     
          59          62  0.516992238658614     
          52          63  0.138329355679885     
          53          63  0.150870976854406     
          54          63  0.491429701626030     
          58          63  0.162204867212287     
          59          63  0.165227280485654     
          60          63  0.502549751068038     
          49          64  0.165713346291111     
          52          64  0.652029064750091     
          55          64  0.181373379083097     
          58          64  0.650044847029269     
          61          64  0.881435900475694     
          51          65  0.169203026949291     
          53          65  0.652814939384874     
          57          65  0.177228043483036     
          59          65  0.629138297295309     
          62          65  0.888766166730334     
          54          66  0.418399572292731     
          60          66  0.435666043816504     
          63          66  0.823315879185507     
          64          66  0.238467809825130     
          54          67  0.419181826670708     
          60          67  0.428798498744491     
          63          67  0.823954619356111     
          65          67  0.246804294141355     
          66          67  0.135967344107752     
          49          68   2.00564256891996     
          50          69   1.91583640257566     
          51          70   2.02389973627650     
          52          71   1.74423227324078     
          53          72   1.74704303763782     
          52          73  0.226552890816914     
          54          73   1.12031979273644     
          66          73  0.365040415044224     
          53          74  0.222255430431998     
          54          74   1.11937881680989     
          67          74  0.367520992148215     
          55          75   2.01957463507439     
          56          76   1.90642748366182     
          57          77   2.02488155273114     
          58          78   1.73867301262801     
          59          79   1.74857790772771     
          58          80  0.221498866928515     
          60          80   1.11255198581851     
          66          80  0.401995880971896     
          73          80  0.130867155071393     
          59          81  0.224935297405717     
          60          81   1.10526776784005     
          67          81  0.402070500417795     
          74          81  0.130891886326626     
