   -0.05619337
   -0.10974070
    0.30735751
   -0.42924079
   -0.02293450
    0.22469932
   -0.30352063
    0.32701686
   -0.40771051
   -0.15440817
   -0.06907771
    0.06127821
   -0.07072614
    0.07929698
    0.09864298
    0.09114420
    0.07127066
    0.09762478
    0.09719782
    1.07098621
    1.55480171
    1.05771000
    1.38418807
    1.14488727
    1.04406060
    0.88897603
    1.34952309
    1.01708226
    1.11769127
    1.20093564
    1.03489368
   -0.25233569
   -0.25215555
   -0.01661616
   -0.20629926
   -0.21908987
   -0.33539629
   -0.39432003
   -0.84626686
   -0.87823485
   -0.95570365
   -1.01121995
   -0.91236223
   -0.82062914
   -0.79925288
   -0.62769950
   -0.86157491
   -0.79863083
   -0.94431767
   -0.97244134
   -0.81507313
   -0.77809284
