   -0.07495778
   -0.00439588
    0.31175390
   -0.41264138
   -0.04256722
    0.09108743
   -0.20361350
    0.02342904
    0.09541407
   -0.14930523
   -0.06216339
    0.27489707
   -0.40921080
   -0.28160422
    0.09911923
    0.08525324
    0.08899962
    0.08722110
    0.19573206
    0.20202425
    1.06143822
    1.55282768
    1.05419343
    1.38270371
    1.13298219
    1.03118655
    0.88689159
    1.34931663
    1.01421505
    1.11095293
    1.19755538
    1.03184270
   -0.25455179
   -0.25304709
   -0.01827324
   -0.20755390
   -0.22022886
   -0.34028463
   -0.39891451
   -0.84701021
   -0.88001231
   -0.95620912
   -1.00958275
   -0.91361098
   -0.82435221
   -0.79224429
   -0.63100641
   -0.86308417
   -0.79957856
   -0.94434761
   -0.97137042
   -0.81621806
   -0.77909654
