           1           2  0.985499877139907     
           2           3   1.13365819370102     
           2           4  0.148511523246000     
           3           4   1.66339489106498     
           3           5   1.05507940792626     
           5           6   1.19115110687774     
           6           7   1.57686776397186     
           7           8   1.26770070420264     
           5           9   1.09204573263450     
           8           9   1.37254078449188     
           2          10  0.108371200179641     
           9          10   1.21848129449605     
           2          11   1.11342210877131     
          10          11   1.57283374002667     
           8          12   1.02368368346971     
          12          13   1.66980048569891     
          12          14   1.22568212788932     
          13          14  0.205571184414558     
           1          15  0.973669815262279     
           1          16  0.966603412127286     
           1          17  0.970438792517554     
           6          18  0.958033758242976     
          14          19  0.932555162672706     
          14          20  0.940322934822775     
          21          22  0.207111612097566     
          22          23  0.185812910214567     
          21          24  0.202070473300105     
          22          25  0.137546303534877     
          22          26  0.133868187039420     
          24          26  0.201411056066722     
          25          26  0.178199770913460     
          21          27  0.332866221526877     
          23          27  0.139548991151512     
          27          28  0.614531839022951     
          23          29  0.369892060916510     
          28          29  0.165587231010533     
          24          30  0.178783184906144     
          28          30  0.141723422401864     
          25          31  0.279003573331866     
          29          31  0.133043382648446     
          28          32  0.145512551920281     
          29          32  0.219100358646328     
          30          32  0.198971217880769     
          31          32  0.211742367769541     
          24          33  0.716394431890603     
          30          33  0.160058664817764     
          25          34  0.154788711956980     
          31          34  0.667387186721188     
          30          36  0.734303575783880     
          33          36   2.73874540334253     
          25          37  0.748065210723493     
          34          37   2.73108981354596     
          25          38  0.145977508871836     
          30          38   1.02275013942633     
          31          38  0.133848699010726     
          35          38   2.01130670216485     
          25          39  0.868093210926016     
          30          39  0.202340253370832     
          31          39  0.636886001432993     
          35          39   1.60627384966102     
          21          40  0.846911954025201     
          24          40  0.701868417138890     
          27          40  0.147566970223134     
          21          41  0.808767169625162     
          22          41  0.756925645445480     
          26          41  0.121397603250414     
          22          42  0.689751711663237     
          23          42  0.599327802420028     
          27          42  0.152376949778294     
          22          43  0.608603719705228     
          24          43  0.563735626797342     
          22          44  0.735362702113325     
          23          44  0.109310065752163     
          25          44  0.609595214947501     
          24          45  0.951508494505539     
          26          45  0.689984095369657     
          25          46  0.773626713893507     
          26          46  0.974731445103008     
          27          47   1.99954837858259     
          28          48  0.754638447916072     
          29          48  0.834610119693615     
          23          49  0.959331790948108     
          29          49  0.763108167997043     
          31          49  0.116289119994213     
          24          50  0.121113115735933     
          27          50  0.110510243664069     
          28          50  0.798336638084150     
          30          50  0.450750037848738     
          28          51  0.706483581138621     
          31          51  0.447955820174708     
          28          52  0.193296566494720     
          30          52  0.619435706887180     
          32          52  0.899804009241087     
          31          53  0.976713178714780     
          32          53  0.728781785986369     
