           1           2  0.201874214077513     
           2           3  0.188477613908634     
           1           4  0.198121065693011     
           2           5  0.137770506226903     
           2           6  0.136543623204416     
           4           6  0.210233217218218     
           5           6  0.174162048337995     
           1           7  0.331491001886227     
           3           7  0.139898433218568     
           7           8  0.607298043413204     
           3           9  0.371609980957762     
           8           9  0.166192389577461     
           4          10  0.177384069142569     
           8          10  0.140836386239269     
           5          11  0.283810458016367     
           9          11  0.129947809287689     
           8          12  0.147681569923530     
           9          12  0.220734656148821     
          10          12  0.199513628440618     
          11          12  0.210395053379501     
           4          13  0.721379329035253     
          10          13  0.155264062529316     
           5          14  0.152377562093603     
          11          14  0.669820614830609     
          10          16  0.726158520482328     
          13          16   2.73887270480645     
           5          17  0.744061949756920     
          14          17   2.73190948823620     
           5          18  0.160683895242870     
          10          18   1.05733080700448     
          11          18  0.141461806638009     
          15          18   2.00809377307392     
           5          19  0.893613058840514     
          10          19  0.232517260354336     
          11          19  0.653344417050893     
          15          19   1.60353954182142     
           1          20  0.845543680016142     
           4          20  0.706598315295582     
           7          20  0.147146113810295     
           1          21  0.814788165441018     
           2          21  0.752357455494900     
           6          21  0.122913891168583     
           2          22  0.692615207691742     
           3          22  0.598646702497571     
           7          22  0.152419624115549     
           2          23  0.604943499677342     
           4          23  0.562045988471583     
           2          24  0.747134592798612     
           3          24  0.109974239353552     
           5          24  0.600984189654667     
           4          25  0.938299067644021     
           6          25  0.711417188523794     
           5          26  0.771756694872958     
           6          26  0.976873253209753     
           7          27   1.99715604727952     
           8          28  0.753159297606315     
           9          28  0.835291095720509     
           3          29  0.963248733676602     
           9          29  0.763997562951091     
          11          29  0.113574692390827     
           4          30  0.124248954392453     
           7          30  0.111892245312431     
           8          30  0.802331034873651     
          10          30  0.441552861977427     
           8          31  0.715232500767246     
          11          31  0.441620481144557     
           8          32  0.195920091861471     
          10          32  0.614916128322568     
          12          32  0.900632311003216     
          11          33  0.968215794203572     
          12          33  0.734102493298462     
