   -0.24513191
    0.10026952
   -0.02911438
   -0.02872149
   -0.02123349
   -0.01696673
    0.31533874
   -0.33660984
   -0.17199967
   -0.06656136
   -0.01254053
   -0.14324782
    0.10640752
    0.12928430
    0.11844976
    0.11000116
    0.23613715
    0.40484493
    0.12827953
    0.10663362
    0.12747260
    0.77192720
    0.73942979
    0.80198968
    0.97688836
    1.03597032
    1.07749703
    0.80586936
    0.76547603
    0.81420689
    1.06929309
    1.05906021
    1.07892732
   -0.74349675
   -0.73381785
   -0.57721511
   -0.41828648
   -0.40664927
   -0.33683349
   -0.32964454
   -0.57624433
   -0.59643251
   -0.55316714
   -0.64045936
   -0.63772411
   -0.62794376
   -0.56681863
   -0.52783133
   -0.56805043
   -0.53646843
   -0.64006255
   -0.65681501
   -0.56631203
   -0.56725375
