           1           2   1.78198552692080     
           1           3  0.247169047566009     
           2           3   1.10765767161902     
           3           4  0.983654669762226     
           4           5  0.998871960905126     
           5           6  0.920800609399771     
           3           7   1.09458823582320     
           7           8   1.60842519794062     
           7           9   1.16357965352521     
           8           9  0.144789740658868     
           9          10   1.03279779578701     
          10          11   1.02815018665255     
          11          12  0.932002605644235     
           4          13  0.946580222767260     
           4          14  0.943229299335720     
           5          15  0.965518351525246     
           5          16  0.965568785014965     
           9          17  0.895344173214379     
          10          18  0.370609278925132     
          10          19  0.918190071404227     
          11          20  0.934231700291570     
          11          21  0.943577260574575     
          22          23  0.317761776183307     
           6          24  0.166631894130330     
          23          24  0.294758232930264     
          10          25  0.122064226817172     
          22          25  0.206883328396014     
          23          25  0.135903668404868     
           6          26  0.121286895784852     
          23          26  0.121379296467695     
          24          26  0.190984645805521     
          25          27  0.145463643483765     
          26          27  0.143361706009724     
          22          28  0.566950683420359     
          23          28  0.109667029907132     
          23          29  0.381091771357342     
          24          29  0.101093940296721     
          28          29  0.309696490885274     
          23          30  0.106649994016920     
          24          30  0.570789132167194     
          29          30  0.345101776472978     
          25          31  0.207761744732042     
          28          31  0.184698516383003     
          29          31  0.125132978312466     
          26          32  0.136142713908815     
          29          32  0.126836789363077     
          30          32  0.207446574018985     
          27          33  0.255082891216540     
          31          33  0.157318647319887     
          32          33  0.157343974759872     
          22          34  0.272788142931369     
          23          34  0.259151863429049     
          25          34  0.655647970769684     
          28          34  0.267893390775312     
          29          34  0.249807327909833     
          31          34  0.489202658963133     
          23          35  0.259348709445457     
          24          35  0.271959583678536     
          26          35  0.473115120783033     
          29          35  0.264189028116301     
          30          35  0.299860700975680     
          32          35  0.505218397544014     
          25          36  0.173688225414030     
          26          36  0.126473497896110     
          27          36  0.482938509094098     
          31          36  0.164008045285956     
          32          36  0.165517377483771     
          33          36  0.499373741925774     
          22          37  0.175762505519325     
          25          37  0.762079700706252     
          28          37  0.176537855287016     
          31          37  0.595543365726535     
          34          37  0.827970449953417     
          24          38  0.163650210165065     
          26          38  0.611810667953763     
          30          38  0.188414920890068     
          32          38  0.667251417979259     
          35          38  0.875210326116201     
          27          39  0.411184256408698     
          33          39  0.435191494746605     
          36          39  0.821779471759001     
          37          39  0.192109585245038     
          27          40  0.398381833085452     
          33          40  0.439045971308866     
          36          40  0.816234031991440     
          38          40  0.267154875809205     
          39          40  0.136702273157718     
          22          41   1.98301020203715     
          23          42   1.89692315515982     
          24          43   1.96735682644507     
          18          44  0.361794943170145     
          25          44   1.28688971079243     
          26          45   1.77471248357891     
          25          46  0.197920338801688     
          27          46   1.11965505954877     
          39          46  0.355649006574161     
          26          47  0.219497928583705     
          27          47   1.11509925688518     
          40          47  0.382279787885442     
          28          48   2.03276125459791     
          29          49   1.92031072585242     
          30          50   2.01716522784988     
          31          51   1.76758604382842     
          32          52   1.72645434282398     
          31          53  0.238009870828662     
          33          53   1.08656306390236     
          39          53  0.409212338818537     
          46          53  0.127780983721413     
          32          54  0.222066349382570     
          33          54   1.11611157811548     
          40          54  0.392439108288803     
          47          54  0.139557893492499     
