   -0.13489150
    0.23188604
   -0.38065843
    0.00313419
   -0.02039752
   -0.10682309
   -0.04405260
    0.06962741
   -0.25691700
    0.23630836
   -0.17891421
    0.14615397
   -0.06728693
   -0.04392804
    0.05269980
   -0.12324952
   -0.00291520
    0.00585165
   -0.26238946
    0.00719443
   -0.00333949
    0.02512009
   -0.23737680
   -0.32567017
    0.14187996
   -0.04244006
    0.03253997
   -0.06351666
   -0.06183536
   -0.06120671
   -0.06320889
    0.07387260
    0.05147231
    0.06906183
    0.04711990
    0.04963800
    0.05033320
    0.04826312
    0.19564230
    0.03946773
    0.03349329
    0.03962083
    0.03268160
    0.03955052
    0.04514662
    0.13851654
    0.04038858
    0.02300313
    0.04969602
    0.04752293
    0.04107778
    0.06496548
    0.05723599
    0.03193965
    0.03258595
    0.05690614
    0.03427616
    0.03763074
    0.02826084
    0.04536468
    1.05015318
    1.55086064
    1.04763920
    1.37961281
    1.11995469
    1.04293823
    0.88074168
    1.34811888
    1.00692936
    1.09641654
    1.18929439
    1.02499953
   -0.25754970
   -0.25517144
   -0.01958069
   -0.20974971
   -0.22496501
   -0.34651393
   -0.40472130
   -0.84749846
   -0.88100511
   -0.95620753
   -1.00651309
   -0.91326141
   -0.82152707
   -0.79634699
   -0.63611029
   -0.86439519
   -0.79959716
   -0.94575924
   -0.96879528
   -0.81726335
   -0.78123983
