           1           2  0.999687658529834     
           2           3   1.78230604552109     
           2           4   1.06288630974288     
           4           5   1.48172211721214     
           5           6   1.03435352802113     
           5           7   1.21141263273198     
           7           8   1.33841834862149     
           8           9   1.46852144400543     
           9          10   1.29470651066100     
          10          11   1.16744987598061     
          11          12   1.11157577265333     
          12          13   1.34505383217366     
          13          14   1.46136218785510     
          14          15   1.35215635523128     
          15          16   1.10337303780127     
          16          17  0.994699018307679     
          17          18  0.990516306666967     
          18          19   1.00876148198355     
          19          20   1.00591480978606     
          16          21  0.974100054810505     
          20          21   1.00544770261062     
          13          22  0.110144738982815     
          15          22   1.35204675930180     
          12          23   1.34641453029897     
          22          23   1.43377360804225     
          10          24   1.34312359831799     
           7          25   1.21930881713857     
          24          25   1.32783905491729     
           4          26   1.13533185940339     
          25          26   1.20024892523932     
          26          27  0.974388987801179     
          27          28  0.981061758832238     
          28          29   1.00687621554895     
          29          30   1.00736828956725     
          27          31  0.980849328078645     
          30          31   1.00522188204589     
           1          32  0.978295660969254     
           1          33  0.952000090509710     
           1          34  0.976151111086675     
           6          35  0.982424819054452     
           6          36  0.965681177205549     
           6          37  0.973376132266264     
           8          38  0.962316452197200     
          11          39  0.923739598061294     
          13          40  0.962626652561422     
          14          41  0.965318266932787     
          17          42  0.968862413183934     
          17          43  0.969292839877050     
          18          44  0.972707462574059     
          18          45  0.978078174466960     
          19          46  0.963357288608204     
          20          47  0.974996612815969     
          20          48  0.971577668442132     
          21          49  0.972990403125991     
          21          50  0.970292996743829     
          22          51  0.963229975286157     
          27          52  0.961557707565078     
          28          53  0.979166548248825     
          28          54  0.972229845955972     
          29          55  0.979556378402264     
          29          56  0.978487259037842     
          30          57  0.980362312851399     
          30          58  0.976617501498182     
          31          59  0.976502085919585     
          31          60  0.980777868354499     
          61          62  0.201371605507032     
          62          63  0.188386835157948     
          61          64  0.197616378574773     
          62          65  0.137852428857033     
          62          66  0.136465484339959     
          64          66  0.211467650591203     
          65          66  0.173784740959209     
          61          67  0.330496414787563     
          63          67  0.139933232128132     
          67          68  0.607244909100911     
          63          69  0.371664842321789     
          68          69  0.166042197255678     
          64          70  0.177323933875836     
          68          70  0.140714942669626     
          65          71  0.283851840615989     
          69          71  0.129966745750048     
          68          72  0.147464854532857     
          69          72  0.220696390297921     
          70          72  0.199493134236229     
          71          72  0.210290774864820     
          64          73  0.721498562874202     
          70          73  0.154699401997035     
          65          74  0.152019416298437     
          71          74  0.669994115263190     
          70          76  0.725223505939264     
          73          76   2.73906016950244     
          65          77  0.743298975536311     
          74          77   2.73206260268535     
          65          78  0.159101899756247     
          70          78   1.05880942413639     
          71          78  0.141516779887162     
          75          78   2.00724650380675     
          65          79  0.891718078937071     
          70          79  0.234033420706517     
          71          79  0.653008502015816     
          75          79   1.60447154540915     
          61          80  0.844448003040543     
          64          80  0.706638475681998     
          67          80  0.147076441574323     
          61          81  0.814681753297550     
          62          81  0.752320863501183     
          66          81  0.123154239683469     
          62          82  0.692716700786343     
          63          82  0.598555177618298     
          67          82  0.152423223480847     
          62          83  0.604700354327728     
          64          83  0.561828325677262     
          62          84  0.745582296676071     
          63          84  0.109944981648890     
          65          84  0.601776860382214     
          64          85  0.936314465542277     
          66          85  0.712000952972660     
          65          86  0.773318854869281     
          66          86  0.973578840895363     
          67          87   1.99705116836800     
          68          88  0.753056090205970     
          69          88  0.835132003344144     
          63          89  0.962693640100663     
          69          89  0.764100479860392     
          71          89  0.113611391931916     
          64          90  0.124404495557586     
          67          90  0.111833254449030     
          68          90  0.802299834462069     
          70          90  0.441089725595977     
          68          91  0.715093051660203     
          71          91  0.441508616394723     
          68          92  0.195904595251495     
          70          92  0.614753617071933     
          72          92  0.900534826539810     
          71          93  0.967637720735783     
          72          93  0.734223750529897     
