   -0.12015223
    0.05187895
   -0.12471973
   -0.19257688
    0.26269351
   -0.43087358
   -0.02078910
   -0.02655007
   -0.04100421
    0.00849974
    0.00300875
   -0.19614792
   -0.19289890
   -0.03519056
   -0.03864621
   -0.03977959
    0.04005324
    0.04647653
    0.05150471
    0.07114909
    0.03731958
    0.04984731
    0.05582225
    0.16761805
    0.07147153
    0.04881433
    0.01719221
    0.03945984
    0.14560134
    0.14147118
    0.01506326
    0.04155478
    0.04072882
    0.05431446
    0.04288965
    1.04522452
    1.55021570
    1.04640896
    1.37896497
    1.11736246
    1.03255666
    0.88034432
    1.34821213
    1.00644125
    1.09640177
    1.18868970
    1.02479837
   -0.25811873
   -0.25534087
   -0.01921533
   -0.21004958
   -0.22601456
   -0.34561142
   -0.40388993
   -0.84767310
   -0.88308855
   -0.95622126
   -1.00578768
   -0.91451008
   -0.82343847
   -0.79694935
   -0.63693826
   -0.86478659
   -0.79998518
   -0.94541442
   -0.96825288
   -0.81775281
   -0.78168596
