           1           2  0.993755388520293     
           2           3   1.00534376602729     
           2           4  0.977628869941472     
           4           5   1.22871964904810     
           4           6  0.154585009050809     
           5           6   1.58625415033201     
           5           7  0.986343552128442     
           7           8   1.38541159173870     
           8           9   1.45084222918867     
           9          10   1.39956803462823     
          10          11  0.991814903118265     
          11          12  0.986548453633794     
          12          13   1.00942908991716     
          13          14   1.01193129752653     
           8          15  0.107549527249367     
          10          15   1.40684888477922     
           7          16   1.38029688724438     
           9          16  0.104991897679399     
          15          16   1.42440907265263     
           1          17  0.982707683891145     
           1          18  0.984335036068569     
           1          19  0.982437900660630     
           2          20  0.922719581120462     
           3          21  0.892573902100021     
           3          22  0.975304729886028     
           3          23  0.980987912867710     
           4          24  0.925135455593784     
           8          25  0.964242843350322     
           9          26  0.967666496651515     
          11          27  0.962999903030988     
          11          28  0.965918068094284     
          12          29  0.950595588038619     
          13          30  0.926062000676145     
          14          31  0.975508102900889     
          14          32  0.971972403752474     
          14          33  0.978790861861405     
          15          34  0.932780440716503     
          16          35  0.834970137016496     
          36          37  0.304474519999285     
          37          38  0.306432159311651     
          36          39  0.197452869709462     
          37          39  0.117050354380904     
          37          40  0.121883505195588     
          38          40  0.194633164606425     
          39          41  0.143416620241409     
          40          41  0.149095745465674     
          36          42  0.574655379600762     
          37          42  0.113990055829531     
          37          43  0.386539485936096     
          38          43  0.102549423643981     
          42          43  0.327718949275906     
          37          44  0.115405640682235     
          38          44  0.580089528693443     
          43          44  0.327019772094608     
          39          45  0.157001640200342     
          42          45  0.196733403603904     
          43          45  0.134955724359557     
          40          46  0.165387292054543     
          43          46  0.132614659739773     
          44          46  0.195411158235639     
          41          47  0.258371742972674     
          45          47  0.159507868595648     
          46          47  0.158844087766969     
          36          48  0.262958118086937     
          37          48  0.259912033906067     
          39          48  0.493210480103517     
          42          48  0.285086263345894     
          43          48  0.271898391494014     
          45          48  0.511384983228017     
          37          49  0.261492085960675     
          38          49  0.265229288481766     
          40          49  0.506968042501414     
          43          49  0.268828820407087     
          44          49  0.276534107369166     
          46          49  0.514514684415145     
          39          50  0.139387264248305     
          40          50  0.147550359249873     
          41          50  0.488406286607693     
          45          50  0.168408047728553     
          46          50  0.170287396329130     
          47          50  0.507628888868344     
          36          51  0.170692877074769     
          39          51  0.651728423413590     
          42          51  0.179965384390842     
          45          51  0.645670196261718     
          48          51  0.881322077381309     
          38          52  0.171216300815510     
          40          52  0.655023655069497     
          44          52  0.181540778829026     
          46          52  0.639268672065712     
          49          52  0.885513013782357     
          41          53  0.414449773653903     
          47          53  0.442571519967294     
          50          53  0.810091873313360     
          51          53  0.260555373336493     
          41          54  0.425277333987507     
          47          54  0.427227826753748     
          50          54  0.819141735518361     
          52          54  0.234708037861919     
          53          54  0.139824092442470     
          36          55   1.99113289900036     
          37          56   1.90424602691824     
          38          57   2.01462797851702     
          39          58   1.74369096333593     
          40          59   1.74858961179641     
           6          60  0.131847236393204     
          39          60  0.183125876778407     
          41          60   1.00559918624122     
          53          60  0.353952275969275     
          40          61  0.203262529775018     
          41          61   1.12723036848664     
          54          61  0.355248558291847     
          42          62   2.01903762520312     
          43          63   1.90735425481165     
          44          64   2.02053564811235     
          45          65   1.73230942311670     
          46          66   1.73762169088100     
          45          67  0.226078460325195     
          47          67   1.10968474067713     
          53          67  0.345586887765933     
          46          68  0.225056395883348     
          47          68   1.08803962418797     
          54          68  0.408353037063025     
          61          68  0.129135892680512     
