    0.01924687
   -0.24356100
    0.13138755
   -0.08757675
    0.10235736
   -0.26211760
    0.13986476
   -0.27104844
    0.15773068
   -0.17367098
    0.07733647
   -0.06127756
   -0.05081742
    0.15475078
   -0.20644982
    0.07982858
   -0.13596242
   -0.05699916
   -0.03428353
   -0.08663655
    0.13006314
   -0.25964680
    0.07497174
   -0.08325996
   -0.00725887
   -0.17882171
   -0.00184867
    0.07146448
   -0.32302624
    0.07600668
   -0.00594733
    0.05491833
    0.07267847
    0.05494953
    0.07220933
    0.05106516
    0.17808086
    0.04626156
    0.07151891
    0.08534888
    0.04812987
    0.05842266
    0.03311079
    0.04557173
    0.05391637
    0.04094659
    0.04546107
    0.02772541
    0.04233203
    0.04429347
    0.04699655
    0.02558660
    0.05016887
    0.02761319
    0.04635509
    1.04904190
    1.55059435
    1.04895258
    1.37967745
    1.12181295
    1.03948039
    0.88114974
    1.34891548
    1.00866629
    1.09587170
    1.18997197
    1.02619251
   -0.25784938
   -0.25487087
   -0.01945336
   -0.20927161
   -0.22311886
   -0.34698373
   -0.40418459
   -0.84701411
   -0.88107835
   -0.95568038
   -1.00627830
   -0.91272684
   -0.82144025
   -0.79838078
   -0.63509740
   -0.86399884
   -0.79924862
   -0.94560605
   -0.96903202
   -0.81680344
   -0.78066915
