           1           2  0.978632534823460     
           2           3   1.08408099822660     
           3           4   1.45109028597310     
           4           5   1.28281897945907     
           5           6   1.29743854689647     
           6           7   1.48332598037795     
           7           8   1.36907716618656     
           8           9   1.40913566530688     
           9          10   1.08578477481728     
          10          11   1.10098065332141     
          11          12   1.35655127449069     
          12          13   1.44843078494638     
          13          14   1.38764012047672     
          14          15  0.972290501657106     
          14          16   1.34923954891397     
          16          17  0.999472654294082     
          11          18   1.36543669350909     
          13          18  0.102626133046282     
          16          18   1.40837913310397     
           5          19   1.22731474257752     
           9          19   1.25088525294919     
          19          20   1.27166937686814     
           3          21   1.21314824182869     
          20          21   1.46562479162608     
          21          22   1.07269168683836     
          22          23  0.962347115940627     
          23          24  0.999738160401659     
          24          25  0.987810417794856     
          25          26   1.01275077978251     
          26          27   1.00068734607707     
          27          28   1.00035574236530     
          28          29  0.977357678581761     
          29          30  0.984088246933511     
          26          31  0.998107834236735     
          30          31  0.994970489753955     
           1          32  0.975808668596273     
           1          33  0.977985213249646     
           1          34  0.975561338144198     
           4          35  0.959762663774051     
           7          36  0.957630663952457     
          10          37  0.925997114288696     
          12          38  0.967117167186547     
          13          39  0.964845933462359     
          18          40  0.960725996799715     
          20          41  0.960616038169116     
          23          42  0.964956659847211     
          23          43  0.964812264321962     
          24          44  0.966019162597716     
          24          45  0.967635555187003     
          25          46  0.970713496593617     
          25          47  0.967365538040591     
          27          48  0.963536828056909     
          27          49  0.970719375740151     
          28          50  0.970500647111153     
          28          51  0.970418473572176     
          30          52  0.967420007846265     
          30          53  0.969970193547359     
          31          54  0.970385079253899     
          31          55  0.968412578546040     
          56          57  0.209375640263395     
          57          58  0.178018547288189     
          56          59  0.198794313100134     
          57          60  0.140710430471259     
          57          61  0.139818931504740     
          59          61  0.206800942362048     
          60          61  0.174982970476266     
          56          62  0.325459605897538     
          58          62  0.121834736954008     
          62          63  0.576082589313857     
          58          64  0.344460281062939     
          63          64  0.127225337118211     
          59          65  0.179737998025990     
          63          65  0.144067272072401     
          58          66  0.119356504027990     
          60          66  0.257956219959683     
          63          67  0.182337135563540     
          64          67  0.182602228359825     
          65          67  0.209509667874562     
          66          67  0.243058498576412     
          59          68  0.713835465424017     
          65          68  0.167383734119108     
          60          69  0.170205920312064     
          66          69  0.666205291849740     
          65          71  0.752044813914811     
          68          71   2.73299942662111     
          60          72  0.779143172503549     
          69          72   2.71498720964318     
          60          73  0.102512488028069     
          65          73  0.917405980525901     
          70          73   1.98935979486434     
          60          74  0.784780102668967     
          65          74  0.128754971747290     
          66          74  0.558197168697563     
          70          74   1.63202384090844     
          56          75  0.847399642425582     
          59          75  0.721985066315170     
          62          75  0.146903812777379     
          56          76  0.801929938289947     
          57          76  0.786096084570248     
          61          76  0.122150831992781     
          57          77  0.708303134585112     
          58          77  0.594505724796639     
          62          77  0.151470367532634     
          57          78  0.615063801685361     
          59          78  0.566627451982010     
          57          79  0.727862292510562     
          58          79  0.111227943468712     
          60          79  0.641051103979815     
          59          80  0.943996659707181     
          61          80  0.721504683611853     
          60          81  0.811700005128953     
          61          81  0.953553149830110     
          62          82   2.02687501548763     
          63          83  0.842199069352078     
          64          83   1.22310057978043     
          67          83  0.109718296868071     
          58          84   1.10059189853316     
          64          84   1.07703219832898     
          66          84  0.135599879573370     
          59          85  0.126039909497002     
          62          85  0.105367709476694     
          63          85  0.778527138958915     
          65          85  0.500705075168008     
          63          86  0.748226048707881     
          66          86  0.496947102818335     
          63          87  0.188659537396197     
          65          87  0.663550955162556     
          67          87  0.890054943650316     
          66          88   1.06192479173399     
          67          88  0.797442238992682     
