    0.01945507
   -0.24468338
    0.13047438
   -0.08780351
    0.10201504
   -0.26204427
    0.14031856
   -0.26930937
    0.15792293
   -0.17407096
    0.07684678
   -0.06115215
   -0.05042084
    0.15553245
   -0.20487963
    0.08023301
   -0.13422138
   -0.05710967
   -0.03460555
   -0.08674943
    0.12902175
   -0.26056743
    0.07438576
   -0.08262083
   -0.00831626
   -0.17096149
   -0.00283548
    0.07087637
   -0.32125826
    0.07544983
   -0.00730411
    0.05273289
    0.07256376
    0.05649090
    0.07215415
    0.05274812
    0.17845358
    0.04636102
    0.07266083
    0.08456480
    0.04793966
    0.05912748
    0.03466460
    0.04534815
    0.05292730
    0.04345232
    0.04649632
    0.02984405
    0.04324415
    0.04605505
    0.04856918
    0.02641908
    0.05267653
    0.03000029
    0.04978568
    1.07313702
    1.51929329
    1.12819016
    1.37110107
    1.14502641
    1.05756764
    0.91773916
    1.30262698
   -0.93866161
    1.12626663
    1.21784020
    1.12879284
   -0.23997435
   -0.20874979
   -0.00903189
   -0.18913920
   -0.20484665
   -0.30564936
   -0.35760333
   -0.82495513
   -0.85726106
   -0.89626913
   -0.99575102
   -0.88257770
   -0.80480208
   -0.78046037
   -0.57122053
   -0.40119783
   -0.36512314
   -0.90707811
   -0.86955011
   -0.77147624
   -0.64310062
