           1           2  0.195987427839399     
           2           3  0.194100728480883     
           1           4  0.193432122617006     
           2           5  0.128062322708389     
           1           6  0.156740258657079     
           2           6  0.113730589752743     
           4           6  0.191143376704335     
           5           6  0.208989072215117     
           1           7  0.388925882324293     
           3           7  0.160360781556404     
           7           8  0.191413866464410     
           3           9  0.295315537592511     
           8           9  0.201238720211479     
           4          10  0.204388583981396     
           8          10  0.127350360995867     
           5          11  0.272401344773796     
           9          11  0.147307930324169     
           8          12  0.120864506639820     
           9          12  0.151692992802924     
          10          12  0.198850096331228     
          11          12  0.217194309390029     
           4          13  0.690686696097774     
          10          13  0.174570685225105     
           5          14  0.141501990223283     
          11          14  0.682756833176652     
          10          16  0.735102804100837     
          13          16   2.72562375290553     
           5          17  0.725963949577152     
          14          17   2.73530282065872     
           5          18  0.147974856718752     
          10          18  0.879724330656186     
          11          18  0.122657527861445     
          15          18   2.01608359752070     
           5          19  0.836083829085184     
          10          19  0.138072986203527     
          11          19  0.624270127246272     
          15          19   1.57726933774555     
           1          20  0.825054294852636     
           4          20  0.749791880802938     
           7          20  0.168334099593663     
           1          21  0.860393858557453     
           2          21  0.734329638048718     
           6          21  0.105752738740507     
           2          22  0.772217186009316     
           3          22  0.643047824877877     
           7          22  0.156965358105506     
           2          23  0.640959287446149     
           4          23  0.497784534104543     
           2          24  0.703167006135444     
           5          24  0.656895986480797     
           4          25  0.936949442570239     
           6          25  0.719057421220388     
           5          26  0.824296832903996     
           6          26  0.932518246239998     
           3          27  0.101492739401566     
           7          27  0.896018956515157     
           8          27  0.649212049753576     
           8          28  0.791058232942204     
           9          28  0.767082165951388     
          12          28  0.135965979723538     
           3          29  0.871902183744679     
           9          29  0.851657228353657     
           4          30  0.111686487429748     
           7          30  0.106799872526045     
           8          30  0.683019245929318     
          10          30  0.587099808607653     
           8          31  0.663028524714643     
          11          31  0.516686306441232     
          10          32  0.820555561445819     
          12          32  0.886145627934352     
          11          33  0.952537149437936     
          12          33  0.738188145036713     
