    0.03219144
   -0.26785640
    0.14100704
   -0.07949349
    0.01812356
   -0.08215232
   -0.00259932
    0.14454063
   -0.16953561
    0.00770313
   -0.07338247
    0.04500720
   -0.19357708
   -0.00906149
    0.07390396
   -0.32681301
    0.07455218
   -0.00742229
   -0.06857516
    0.00797807
   -0.26814891
    0.06807765
    0.02252515
   -0.20171409
    0.05204514
    0.02625653
   -0.04528496
    0.06138080
   -0.05494517
   -0.03056330
   -0.05473743
    0.17334452
   -0.21507578
   -0.05944639
   -0.08118485
    0.14036779
   -0.26954611
    0.03147787
   -0.10709076
    0.04298499
    0.06136581
    0.04278466
    0.06463609
    0.07632003
    0.06398935
    0.03819346
    0.03173352
    0.05342040
    0.03989089
    0.01767286
    0.04949455
    0.03822036
    0.02233600
    0.04694772
    0.04459581
    0.02219012
    0.04909743
    0.04000628
    0.05209588
    0.03744136
    0.03582005
    0.04265397
    0.05219494
    0.05083084
    0.05306132
    0.05448699
    0.06093383
    0.08552645
    0.04939154
    0.04314323
    0.04380404
    0.06156331
    0.04036288
    1.04842748
    1.55144164
    1.04639209
    1.37938849
    1.11882020
    1.02593143
    0.87955575
    1.34807806
    1.00542074
    1.09476766
    1.18902568
    1.02387281
   -0.25934442
   -0.25599054
   -0.01927391
   -0.21090529
   -0.22673318
   -0.34699272
   -0.40446175
   -0.84905322
   -0.88235491
   -0.95761944
   -1.00514198
   -0.91409579
   -0.82416413
   -0.79838574
   -0.63760366
   -0.86551452
   -0.80076471
   -0.94568992
   -0.96788695
   -0.81820428
   -0.78240817
