           1           2  0.983591584335395     
           2           3   1.05794317731402     
           3           4   1.36524639102430     
           4           5   1.41537487508360     
           5           6  0.994557174088306     
           6           7  0.995762797762491     
           7           8   1.29667748381005     
           8           9   1.03211876842695     
           9          10  0.983874431147903     
          10          11   1.00647884235348     
          11          12  0.991198113605915     
          12          13  0.985248255185896     
          13          14  0.997322213787285     
          14          15  0.995316948021802     
          15          16  0.979466526347427     
          16          17  0.978008063141559     
          13          18  0.997294936724004     
          17          18   1.00132832178561     
          12          19  0.993233550763822     
           9          20  0.969926707750852     
          19          20   1.00563494018762     
           8          21   1.44722099008461     
          21          22   1.30417005344907     
          22          23   1.23354999008214     
          23          24   1.58154285790934     
          24          25   1.15372392741872     
          22          26   1.24878461836729     
          25          26   1.14895839437205     
           7          27   1.46693301027030     
          21          27  0.109368008052707     
          26          27   1.33059091402406     
          25          28   1.05262869915769     
          28          29   1.37674727065376     
          29          30   1.44281233031004     
          30          31   1.43819052658770     
          31          32   1.38478452188328     
          32          33  0.968754548931609     
          28          34   1.37076275232038     
          30          34  0.107846981931927     
          32          34   1.40820629179416     
           5          35   1.41759944257918     
          35          36   1.36090538898867     
          36          37   1.05874745987261     
          37          38  0.982902572131201     
           3          39   1.36908994240352     
          36          39   1.37241207709541     
           1          40  0.977337233907710     
           1          41  0.977085682921905     
           1          42  0.979584293103180     
           4          43  0.964515258776383     
           6          44  0.965054186404217     
           6          45  0.962901815085672     
          10          46  0.967321569038453     
          10          47  0.965147427034047     
          11          48  0.969155935375030     
          11          49  0.974069588987358     
          12          50  0.961052170682852     
          14          51  0.970844649185601     
          14          52  0.968059219635340     
          15          53  0.970540307130431     
          15          54  0.970171766905680     
          17          55  0.970280324795051     
          17          56  0.970691562481988     
          18          57  0.967202589120471     
          18          58  0.970119860583699     
          19          59  0.971773018588604     
          19          60  0.974547253948537     
          20          61  0.966091275445418     
          20          62  0.973113046365396     
          23          63  0.964292443462670     
          27          64  0.961102129138911     
          29          65  0.963366880914653     
          30          66  0.969822614407128     
          31          67  0.967042857681240     
          34          68  0.960478105439811     
          35          69  0.966315906452394     
          38          70  0.978010082694616     
          38          71  0.977962226215575     
          38          72  0.980100112016936     
          39          73  0.961345160900469     
          74          75  0.201043202494213     
          75          76  0.187979077121527     
          74          77  0.197653875624696     
          75          78  0.136787137684006     
          75          79  0.137781348899303     
          77          79  0.208454446899390     
          78          79  0.176233124869335     
          74          80  0.330468685072697     
          76          80  0.139726672403213     
          80          81  0.605810365543355     
          76          82  0.371812440429490     
          81          82  0.165811757355739     
          77          83  0.177601713933970     
          81          83  0.141094826319511     
          78          84  0.283998115112431     
          82          84  0.130149097380262     
          81          85  0.148024045468396     
          82          85  0.220946131705762     
          83          85  0.199118654355568     
          84          85  0.210586786044979     
          77          86  0.720958940067996     
          83          86  0.155726906598855     
          78          87  0.152628980259459     
          84          87  0.669322187700215     
          83          89  0.726611548562905     
          86          89   2.73880545595644     
          78          90  0.743722649352602     
          87          90   2.73182972397243     
          78          91  0.159334935897457     
          83          91   1.05879788177602     
          84          91  0.142143993820038     
          88          91   2.00767292839185     
          78          92  0.890815147645050     
          83          92  0.233661318789720     
          84          92  0.653725358015020     
          88          92   1.60451805154181     
          74          93  0.845425164941986     
          77          93  0.704575664146653     
          80          93  0.147334507464045     
          74          94  0.815060587792846     
          75          94  0.751241508511641     
          79          94  0.122820795413914     
          75          95  0.692205551247494     
          76          95  0.598701536219847     
          80          95  0.152283095129836     
          75          96  0.606652323836312     
          77          96  0.563057100777196     
          75          97  0.744418571958560     
          76          97  0.110131440129079     
          78          97  0.600744246430092     
          77          98  0.941273317428762     
          79          98  0.703201146886573     
          78          99  0.771288613555883     
          79          99  0.978204881026887     
          80         100   1.99574089250918     
          81         101  0.751860770275488     
          82         101  0.835576679764829     
          76         102  0.963123740553587     
          82         102  0.763703047891001     
          84         102  0.113495316710075     
          77         103  0.123620383371421     
          80         103  0.112116690866907     
          81         103  0.803444488951880     
          83         103  0.440644394620078     
          81         104  0.715669383304771     
          84         104  0.441145256853493     
          81         105  0.196156277825082     
          83         105  0.613164594187106     
          85         105  0.901120730845762     
          84         106  0.967700598888129     
          85         106  0.733825537358881     
