   -0.34724836
    0.26771443
   -0.15545993
    0.24647643
   -0.23332085
    0.07674107
   -0.03373326
    0.03039782
   -0.19356100
    0.04753310
    0.06482494
   -0.05418273
   -0.03287604
   -0.05457849
    0.17429900
   -0.21316344
   -0.05953908
    0.14181242
   -0.31323810
    0.08109087
    0.00510782
   -0.26266421
    0.00455400
    0.06610765
   -0.29752263
    0.20112185
    0.06656154
    0.05111625
    0.07081156
    0.05679121
    0.06537895
    0.08824058
    0.05764176
    0.03341014
    0.02837384
    0.14416762
    0.02272652
    0.04360922
    0.05697449
    0.06278280
    1.05140267
    1.55061050
    1.04930404
    1.38065279
    1.11820066
    1.03767090
    0.88211435
    1.34896944
    1.00958469
    1.09810698
    1.19032963
    1.02700097
   -0.25783175
   -0.25387128
   -0.01959504
   -0.20845875
   -0.22452731
   -0.34638221
   -0.40425936
   -0.84676652
   -0.88135322
   -0.95608331
   -1.00667256
   -0.91223847
   -0.82123315
   -0.79867292
   -0.63472441
   -0.86409942
   -0.79935939
   -0.94595908
   -0.96930842
   -0.81697452
   -0.78085631
