           1           2   1.74084825537146     
           1           3  0.152398322007062     
           2           3   1.17467783613509     
           3           4   1.12371178442199     
           4           5   1.30170945728124     
           5           6   1.46745265277081     
           6           7   1.32152500575697     
           7           8   1.23112765434044     
           8           9   1.58737571887468     
           9          10   1.14754853501192     
          10          11   1.03949657318841     
          11          12   1.37006491953981     
          12          13   1.44970671870348     
          13          14   1.43375844017929     
          14          15   1.38997345877373     
          15          16  0.970687849905884     
          11          17   1.38006687062305     
          13          17  0.105536717570898     
          15          17   1.39305651557738     
           7          18   1.23188511126859     
          10          18   1.18039188000143     
           4          19   1.37475057029974     
          18          19   1.30893024968367     
           2          20  0.939826738677788     
          20          21  0.989762239058770     
          21          22   1.00552790315573     
          22          23   1.01092647784177     
          23          24  0.994733394355281     
          20          25  0.965701530800206     
          24          25  0.968439103221051     
           3          26  0.908489154082677     
           6          27  0.962031213256150     
           8          28  0.965149135583110     
          12          29  0.963984519200317     
          13          30  0.968751314153477     
          14          31  0.965783445268296     
          17          32  0.932940871700306     
          20          33  0.934868873971960     
          21          34  0.972372262824376     
          21          35  0.966872660272230     
          22          36  0.960306873781259     
          23          37  0.976593608286497     
          23          38  0.970538295834993     
          24          39  0.969501773424527     
          24          40  0.970225964264496     
          41          42  0.200162454995549     
          42          43  0.187238579011933     
          41          44  0.196520337232578     
          42          45  0.139865710315362     
          41          46  0.103916229095628     
          42          46  0.137064928684866     
          44          46  0.211781698995437     
          45          46  0.176270900260239     
          41          47  0.332256906047045     
          43          47  0.139880166321527     
          47          48  0.607814924797521     
          43          49  0.371182526876962     
          48          49  0.166510057074621     
          44          50  0.179585918661865     
          48          50  0.140736628181348     
          45          51  0.280271341954627     
          49          51  0.129711912755144     
          48          52  0.147505910771426     
          49          52  0.220954073314410     
          50          52  0.199209853206245     
          51          52  0.209907359035301     
          44          53  0.718573223778739     
          50          53  0.156805962797505     
          45          54  0.150583302773732     
          51          54  0.671016293564132     
          50          56  0.728466322022070     
          53          56   2.73893728150558     
          45          57  0.741299840864075     
          54          57   2.73216757645382     
          45          58  0.152519903225902     
          50          58   1.04687663277971     
          51          58  0.140158783429101     
          55          58   2.00844267921147     
          45          59  0.876228422090866     
          50          59  0.222876087708808     
          51          59  0.652537814593080     
          55          59   1.60757092346192     
          41          60  0.847302678899354     
          44          60  0.699859926704702     
          47          60  0.147202320041455     
          41          61  0.813966135089569     
          42          61  0.745006127030639     
          46          61  0.121340502043313     
          42          62  0.688200724683955     
          43          62  0.600647508898465     
          47          62  0.152491469926177     
          42          63  0.613012635139266     
          44          63  0.568371655226035     
          42          64  0.743064400832260     
          43          64  0.110055527420694     
          45          64  0.601921414922596     
          44          65  0.941461498062694     
          46          65  0.697171072184446     
          45          66  0.788344981314734     
          46          66  0.947858908207650     
          47          67   1.99570685366651     
          48          68  0.753216590178506     
          49          68  0.835045451771752     
          43          69  0.961665287196960     
          49          69  0.764370533300494     
          51          69  0.113625898913879     
          44          70  0.124236447234495     
          47          70  0.111770627814424     
          48          70  0.800241814773181     
          50          70  0.443103660376812     
          48          71  0.714962661509277     
          51          71  0.442117837738697     
          48          72  0.195025088376949     
          50          72  0.616277505423253     
          52          72  0.899374167381941     
          51          73  0.966513700246731     
          52          73  0.734642811339534     
