   -0.11134705
    0.00883586
   -0.19221347
    0.01180842
   -0.10707185
   -0.00261116
    0.00056179
   -0.19805631
    0.27150482
   -0.44320844
   -0.06976935
    0.05231230
   -0.14175456
   -0.12555773
    0.03156350
   -0.01886576
   -0.04605752
    0.26670918
   -0.44115610
   -0.15321259
    0.05688142
   -0.05343048
   -0.05424176
    0.16052053
   -0.22139498
   -0.05399633
   -0.01296204
    0.00318726
   -0.10623036
    0.03956990
    0.04311603
    0.03895216
    0.03383662
    0.01239408
    0.03685677
    0.01056676
    0.04326879
    0.03652425
    0.03876137
    0.05418339
    0.01740585
    0.07130316
    0.04111797
    0.18156777
    0.08596222
    0.07997766
    0.07801200
    0.23257499
    0.06362330
    0.18172197
    0.04714656
    0.05927092
    0.05790209
    0.06143149
    0.06968319
    0.03780972
    1.04738454
    1.55161031
    1.04652760
    1.37933974
    1.12313633
    1.01879336
    0.87995031
    1.34800360
    1.00552252
    1.09525781
    1.18883017
    1.02373582
   -0.25876912
   -0.25677545
   -0.01867586
   -0.21093052
   -0.22575538
   -0.34594748
   -0.40404753
   -0.84987975
   -0.88292799
   -0.95773482
   -1.00558008
   -0.91535730
   -0.82534219
   -0.79704918
   -0.63779368
   -0.86565469
   -0.80104193
   -0.94524815
   -0.96824812
   -0.81820112
   -0.78241998
