           1           2   1.01710870409511     
           2           3  0.995931550198254     
           3           4  0.994537075953270     
           4           5   1.01479434878409     
           3           6   1.01107111184308     
           6           7  0.957233719110825     
           7           8   1.00868694699232     
           8           9   1.19725843069926     
           8          10  0.177356982880214     
           9          10   1.67001027825294     
           9          11   1.01955939246746     
          11          12   1.38063830437163     
          12          13   1.04505104567361     
          12          14   1.27282129057570     
          14          15   1.17944764971513     
          15          16   1.22620330333367     
          16          17   1.57127305775427     
          17          18   1.01508295322273     
          18          19   1.63057549759590     
          18          20   1.17802686248849     
          19          20  0.146857259750669     
          20          21   1.10097622863339     
          21          22   1.39532749001395     
          22          23   1.42913172933469     
          23          24   1.37887326138575     
          24          25  0.967541779134780     
          24          26   1.39732001712621     
          17          27   1.09840536034044     
          21          27   1.27979440435239     
          26          27   1.39097857186552     
          11          28   1.30586793938818     
          15          28   1.29957522965067     
          28          29   1.05526139298516     
           1          30  0.982270696223597     
           1          31  0.983844690348521     
           1          32  0.981949625844862     
           2          33  0.954346383842968     
           2          34  0.966816431394656     
           4          35  0.966685844197626     
           4          36  0.955752576211990     
           5          37  0.984316559429025     
           5          38  0.984076575809020     
           5          39  0.984012090996603     
           6          40  0.925901399304002     
           6          41  0.930375777880495     
           7          42  0.959336188265331     
           7          43  0.971007935100302     
           8          44  0.936120965745406     
          13          45  0.950414607231938     
          13          46  0.963472655433662     
          13          47  0.979755456840223     
          14          48  0.850428970156138     
          16          49  0.928362790320555     
          20          50  0.935667119736352     
          22          51  0.967148223833299     
          23          52  0.967463525068647     
          26          53  0.956989523821570     
          29          54  0.917196762085181     
          29          55  0.872583715019066     
          29          56  0.749801441417948     
          57          58  0.308295672267165     
          58          59  0.314996824794669     
          57          60  0.192605494999844     
          58          60  0.119045885808638     
          58          61  0.121189792687572     
          59          61  0.194456356336729     
          60          62  0.148142070558938     
          61          62  0.142366927680940     
          57          63  0.583051993153800     
          58          63  0.112517824002074     
          57          64  0.105717611255045     
          58          64  0.373598907872528     
          59          64  0.109867255734260     
          63          64  0.332563441803103     
          58          65  0.112594009710771     
          59          65  0.590686624948418     
          64          65  0.324582418747637     
          60          66  0.155661708438386     
          63          66  0.192940690902577     
          64          66  0.133635895859662     
          61          67  0.163047382884971     
          64          67  0.130858642882503     
          65          67  0.191340714919879     
          62          68  0.253471537991402     
          66          68  0.161875739055867     
          67          68  0.163294564578347     
          57          69  0.274574619310666     
          58          69  0.265495323407465     
          60          69  0.485083604404930     
          63          69  0.284917970283202     
          64          69  0.276445150831008     
          66          69  0.507730253807767     
          58          70  0.261248299614114     
          59          70  0.281137687893055     
          61          70  0.511899555240158     
          64          70  0.269010699563592     
          65          70  0.282570929476215     
          67          70  0.505849663253345     
          60          71  0.140178664462403     
          61          71  0.136815133903323     
          62          71  0.474303466870595     
          66          71  0.172704410451716     
          67          71  0.173956416658990     
          68          71  0.503556339703307     
          57          72  0.173223329294510     
          60          72  0.648222070454889     
          63          72  0.183807038290804     
          66          72  0.644970670232096     
          69          72  0.877296428895659     
          59          73  0.173822232163478     
          61          73  0.662687475324565     
          65          73  0.181829351360441     
          67          73  0.634541569896833     
          70          73  0.873300284636755     
          62          74  0.400856329628030     
          68          74  0.443259091417614     
          71          74  0.822499748645599     
          72          74  0.230362004973989     
          62          75  0.407577497976099     
          68          75  0.440174676097102     
          71          75  0.819418513800444     
          73          75  0.228764561002456     
          74          75  0.130132454391965     
          57          76   2.02495854808344     
          58          77   1.91493238754866     
          59          78   2.01814367588255     
          60          79   1.73782647232389     
          61          80   1.66418787448001     
          60          81  0.224978208204155     
          62          81   1.12944130329989     
          74          81  0.350551507147995     
          61          82  0.190608244818104     
          62          82   1.11768020951004     
          75          82  0.344459875055259     
          63          83   2.01831146457565     
          64          84   1.90664387462352     
          65          85   2.02269044958750     
          66          86   1.73024646480384     
          67          87   1.73619920168050     
          66          88  0.227349148901407     
          68          88   1.09588735792178     
          74          88  0.412115280271269     
          81          88  0.125400462600523     
          67          89  0.229666052420934     
          68          89   1.09481819533964     
          75          89  0.407937842167556     
          82          89  0.124118491629819     
