#  E (eV)   dos(E)     Int dos(E) EFermi =    0.543 eV
 -56.996  0.0000E+00  0.0000E+00
 -56.976  0.3096E+02  0.5317E+00
 -56.956  0.4682E+02  0.1287E+01
 -56.936  0.1519E+03  0.2763E+01
 -56.916  0.0000E+00  0.4000E+01
 -56.896  0.0000E+00  0.4000E+01
 -56.876  0.0000E+00  0.4000E+01
 -56.856  0.0000E+00  0.4000E+01
 -56.836  0.0000E+00  0.4000E+01
 -56.816  0.0000E+00  0.4000E+01
 -56.796  0.0000E+00  0.4000E+01
 -56.776  0.0000E+00  0.4000E+01
 -56.756  0.0000E+00  0.4000E+01
 -56.736  0.0000E+00  0.4000E+01
 -56.716  0.0000E+00  0.4000E+01
 -56.696  0.0000E+00  0.4000E+01
 -56.676  0.0000E+00  0.4000E+01
 -56.656  0.0000E+00  0.4000E+01
 -56.636  0.0000E+00  0.4000E+01
 -56.616  0.0000E+00  0.4000E+01
 -56.596  0.0000E+00  0.4000E+01
 -56.576  0.0000E+00  0.4000E+01
 -56.556  0.0000E+00  0.4000E+01
 -56.536  0.0000E+00  0.4000E+01
 -56.516  0.0000E+00  0.4000E+01
 -56.496  0.0000E+00  0.4000E+01
 -56.476  0.0000E+00  0.4000E+01
 -56.456  0.0000E+00  0.4000E+01
 -56.436  0.0000E+00  0.4000E+01
 -56.416  0.0000E+00  0.4000E+01
 -56.396  0.0000E+00  0.4000E+01
 -56.376  0.0000E+00  0.4000E+01
 -56.356  0.0000E+00  0.4000E+01
 -56.336  0.0000E+00  0.4000E+01
 -56.316  0.0000E+00  0.4000E+01
 -56.296  0.0000E+00  0.4000E+01
 -56.276  0.0000E+00  0.4000E+01
 -56.256  0.0000E+00  0.4000E+01
 -56.236  0.0000E+00  0.4000E+01
 -56.216  0.0000E+00  0.4000E+01
 -56.196  0.0000E+00  0.4000E+01
 -56.176  0.0000E+00  0.4000E+01
 -56.156  0.0000E+00  0.4000E+01
 -56.136  0.1446E+02  0.4121E+01
 -56.116  0.2086E+02  0.4468E+01
 -56.096  0.4200E+02  0.5031E+01
 -56.076  0.0000E+00  0.6000E+01
 -56.056  0.0000E+00  0.6000E+01
 -56.036  0.0000E+00  0.6000E+01
 -56.016  0.0000E+00  0.6000E+01
 -55.996  0.0000E+00  0.6000E+01
 -55.976  0.0000E+00  0.6000E+01
 -55.956  0.0000E+00  0.6000E+01
 -55.936  0.0000E+00  0.6000E+01
 -55.916  0.0000E+00  0.6000E+01
 -55.896  0.0000E+00  0.6000E+01
 -55.876  0.0000E+00  0.6000E+01
 -55.856  0.0000E+00  0.6000E+01
 -55.836  0.0000E+00  0.6000E+01
 -55.816  0.0000E+00  0.6000E+01
 -55.796  0.0000E+00  0.6000E+01
 -55.776  0.0000E+00  0.6000E+01
 -55.756  0.0000E+00  0.6000E+01
 -55.736  0.0000E+00  0.6000E+01
 -55.716  0.0000E+00  0.6000E+01
 -55.696  0.0000E+00  0.6000E+01
 -55.676  0.0000E+00  0.6000E+01
 -55.656  0.0000E+00  0.6000E+01
 -55.636  0.0000E+00  0.6000E+01
 -55.616  0.0000E+00  0.6000E+01
 -55.596  0.0000E+00  0.6000E+01
 -55.576  0.0000E+00  0.6000E+01
 -55.556  0.0000E+00  0.6000E+01
 -55.536  0.0000E+00  0.6000E+01
 -55.516  0.0000E+00  0.6000E+01
 -55.496  0.0000E+00  0.6000E+01
 -55.476  0.0000E+00  0.6000E+01
 -55.456  0.0000E+00  0.6000E+01
 -55.436  0.0000E+00  0.6000E+01
 -55.416  0.0000E+00  0.6000E+01
 -55.396  0.0000E+00  0.6000E+01
 -55.376  0.0000E+00  0.6000E+01
 -55.356  0.0000E+00  0.6000E+01
 -55.336  0.0000E+00  0.6000E+01
 -55.316  0.0000E+00  0.6000E+01
 -55.296  0.0000E+00  0.6000E+01
 -55.276  0.0000E+00  0.6000E+01
 -55.256  0.0000E+00  0.6000E+01
 -55.236  0.0000E+00  0.6000E+01
 -55.216  0.0000E+00  0.6000E+01
 -55.196  0.0000E+00  0.6000E+01
 -55.176  0.0000E+00  0.6000E+01
 -55.156  0.0000E+00  0.6000E+01
 -55.136  0.0000E+00  0.6000E+01
 -55.116  0.0000E+00  0.6000E+01
 -55.096  0.0000E+00  0.6000E+01
 -55.076  0.0000E+00  0.6000E+01
 -55.056  0.0000E+00  0.6000E+01
 -55.036  0.0000E+00  0.6000E+01
 -55.016  0.0000E+00  0.6000E+01
 -54.996  0.0000E+00  0.6000E+01
 -54.976  0.0000E+00  0.6000E+01
 -54.956  0.0000E+00  0.6000E+01
 -54.936  0.0000E+00  0.6000E+01
 -54.916  0.0000E+00  0.6000E+01
 -54.896  0.0000E+00  0.6000E+01
 -54.876  0.0000E+00  0.6000E+01
 -54.856  0.0000E+00  0.6000E+01
 -54.836  0.0000E+00  0.6000E+01
 -54.816  0.0000E+00  0.6000E+01
 -54.796  0.0000E+00  0.6000E+01
 -54.776  0.0000E+00  0.6000E+01
 -54.756  0.0000E+00  0.6000E+01
 -54.736  0.0000E+00  0.6000E+01
 -54.716  0.0000E+00  0.6000E+01
 -54.696  0.0000E+00  0.6000E+01
 -54.676  0.0000E+00  0.6000E+01
 -54.656  0.0000E+00  0.6000E+01
 -54.636  0.0000E+00  0.6000E+01
 -54.616  0.0000E+00  0.6000E+01
 -54.596  0.0000E+00  0.6000E+01
 -54.576  0.0000E+00  0.6000E+01
 -54.556  0.0000E+00  0.6000E+01
 -54.536  0.0000E+00  0.6000E+01
 -54.516  0.0000E+00  0.6000E+01
 -54.496  0.0000E+00  0.6000E+01
 -54.476  0.0000E+00  0.6000E+01
 -54.456  0.0000E+00  0.6000E+01
 -54.436  0.0000E+00  0.6000E+01
 -54.416  0.0000E+00  0.6000E+01
 -54.396  0.0000E+00  0.6000E+01
 -54.376  0.0000E+00  0.6000E+01
 -54.356  0.0000E+00  0.6000E+01
 -54.336  0.0000E+00  0.6000E+01
 -54.316  0.0000E+00  0.6000E+01
 -54.296  0.0000E+00  0.6000E+01
 -54.276  0.0000E+00  0.6000E+01
 -54.256  0.0000E+00  0.6000E+01
 -54.236  0.0000E+00  0.6000E+01
 -54.216  0.0000E+00  0.6000E+01
 -54.196  0.0000E+00  0.6000E+01
 -54.176  0.0000E+00  0.6000E+01
 -54.156  0.0000E+00  0.6000E+01
 -54.136  0.0000E+00  0.6000E+01
 -54.116  0.0000E+00  0.6000E+01
 -54.096  0.0000E+00  0.6000E+01
 -54.076  0.0000E+00  0.6000E+01
 -54.056  0.0000E+00  0.6000E+01
 -54.036  0.0000E+00  0.6000E+01
 -54.016  0.0000E+00  0.6000E+01
 -53.996  0.0000E+00  0.6000E+01
 -53.976  0.0000E+00  0.6000E+01
 -53.956  0.0000E+00  0.6000E+01
 -53.936  0.0000E+00  0.6000E+01
 -53.916  0.0000E+00  0.6000E+01
 -53.896  0.0000E+00  0.6000E+01
 -53.876  0.0000E+00  0.6000E+01
 -53.856  0.0000E+00  0.6000E+01
 -53.836  0.0000E+00  0.6000E+01
 -53.816  0.0000E+00  0.6000E+01
 -53.796  0.0000E+00  0.6000E+01
 -53.776  0.0000E+00  0.6000E+01
 -53.756  0.0000E+00  0.6000E+01
 -53.736  0.0000E+00  0.6000E+01
 -53.716  0.0000E+00  0.6000E+01
 -53.696  0.0000E+00  0.6000E+01
 -53.676  0.0000E+00  0.6000E+01
 -53.656  0.0000E+00  0.6000E+01
 -53.636  0.0000E+00  0.6000E+01
 -53.616  0.0000E+00  0.6000E+01
 -53.596  0.0000E+00  0.6000E+01
 -53.576  0.0000E+00  0.6000E+01
 -53.556  0.0000E+00  0.6000E+01
 -53.536  0.0000E+00  0.6000E+01
 -53.516  0.0000E+00  0.6000E+01
 -53.496  0.0000E+00  0.6000E+01
 -53.476  0.0000E+00  0.6000E+01
 -53.456  0.0000E+00  0.6000E+01
 -53.436  0.0000E+00  0.6000E+01
 -53.416  0.0000E+00  0.6000E+01
 -53.396  0.0000E+00  0.6000E+01
 -53.376  0.0000E+00  0.6000E+01
 -53.356  0.0000E+00  0.6000E+01
 -53.336  0.0000E+00  0.6000E+01
 -53.316  0.0000E+00  0.6000E+01
 -53.296  0.0000E+00  0.6000E+01
 -53.276  0.0000E+00  0.6000E+01
 -53.256  0.0000E+00  0.6000E+01
 -53.236  0.0000E+00  0.6000E+01
 -53.216  0.0000E+00  0.6000E+01
 -53.196  0.0000E+00  0.6000E+01
 -53.176  0.0000E+00  0.6000E+01
 -53.156  0.0000E+00  0.6000E+01
 -53.136  0.0000E+00  0.6000E+01
 -53.116  0.0000E+00  0.6000E+01
 -53.096  0.0000E+00  0.6000E+01
 -53.076  0.0000E+00  0.6000E+01
 -53.056  0.0000E+00  0.6000E+01
 -53.036  0.0000E+00  0.6000E+01
 -53.016  0.0000E+00  0.6000E+01
 -52.996  0.0000E+00  0.6000E+01
 -52.976  0.0000E+00  0.6000E+01
 -52.956  0.0000E+00  0.6000E+01
 -52.936  0.0000E+00  0.6000E+01
 -52.916  0.0000E+00  0.6000E+01
 -52.896  0.0000E+00  0.6000E+01
 -52.876  0.0000E+00  0.6000E+01
 -52.856  0.0000E+00  0.6000E+01
 -52.836  0.0000E+00  0.6000E+01
 -52.816  0.0000E+00  0.6000E+01
 -52.796  0.0000E+00  0.6000E+01
 -52.776  0.0000E+00  0.6000E+01
 -52.756  0.0000E+00  0.6000E+01
 -52.736  0.0000E+00  0.6000E+01
 -52.716  0.0000E+00  0.6000E+01
 -52.696  0.0000E+00  0.6000E+01
 -52.676  0.0000E+00  0.6000E+01
 -52.656  0.0000E+00  0.6000E+01
 -52.636  0.0000E+00  0.6000E+01
 -52.616  0.0000E+00  0.6000E+01
 -52.596  0.0000E+00  0.6000E+01
 -52.576  0.0000E+00  0.6000E+01
 -52.556  0.0000E+00  0.6000E+01
 -52.536  0.0000E+00  0.6000E+01
 -52.516  0.0000E+00  0.6000E+01
 -52.496  0.0000E+00  0.6000E+01
 -52.476  0.0000E+00  0.6000E+01
 -52.456  0.0000E+00  0.6000E+01
 -52.436  0.0000E+00  0.6000E+01
 -52.416  0.0000E+00  0.6000E+01
 -52.396  0.0000E+00  0.6000E+01
 -52.376  0.0000E+00  0.6000E+01
 -52.356  0.0000E+00  0.6000E+01
 -52.336  0.0000E+00  0.6000E+01
 -52.316  0.0000E+00  0.6000E+01
 -52.296  0.0000E+00  0.6000E+01
 -52.276  0.0000E+00  0.6000E+01
 -52.256  0.0000E+00  0.6000E+01
 -52.236  0.0000E+00  0.6000E+01
 -52.216  0.0000E+00  0.6000E+01
 -52.196  0.0000E+00  0.6000E+01
 -52.176  0.0000E+00  0.6000E+01
 -52.156  0.0000E+00  0.6000E+01
 -52.136  0.0000E+00  0.6000E+01
 -52.116  0.0000E+00  0.6000E+01
 -52.096  0.0000E+00  0.6000E+01
 -52.076  0.0000E+00  0.6000E+01
 -52.056  0.0000E+00  0.6000E+01
 -52.036  0.0000E+00  0.6000E+01
 -52.016  0.0000E+00  0.6000E+01
 -51.996  0.0000E+00  0.6000E+01
 -51.976  0.0000E+00  0.6000E+01
 -51.956  0.0000E+00  0.6000E+01
 -51.936  0.0000E+00  0.6000E+01
 -51.916  0.0000E+00  0.6000E+01
 -51.896  0.0000E+00  0.6000E+01
 -51.876  0.0000E+00  0.6000E+01
 -51.856  0.0000E+00  0.6000E+01
 -51.836  0.0000E+00  0.6000E+01
 -51.816  0.0000E+00  0.6000E+01
 -51.796  0.0000E+00  0.6000E+01
 -51.776  0.0000E+00  0.6000E+01
 -51.756  0.0000E+00  0.6000E+01
 -51.736  0.0000E+00  0.6000E+01
 -51.716  0.0000E+00  0.6000E+01
 -51.696  0.0000E+00  0.6000E+01
 -51.676  0.0000E+00  0.6000E+01
 -51.656  0.0000E+00  0.6000E+01
 -51.636  0.0000E+00  0.6000E+01
 -51.616  0.0000E+00  0.6000E+01
 -51.596  0.0000E+00  0.6000E+01
 -51.576  0.0000E+00  0.6000E+01
 -51.556  0.0000E+00  0.6000E+01
 -51.536  0.0000E+00  0.6000E+01
 -51.516  0.0000E+00  0.6000E+01
 -51.496  0.0000E+00  0.6000E+01
 -51.476  0.0000E+00  0.6000E+01
 -51.456  0.0000E+00  0.6000E+01
 -51.436  0.0000E+00  0.6000E+01
 -51.416  0.0000E+00  0.6000E+01
 -51.396  0.0000E+00  0.6000E+01
 -51.376  0.0000E+00  0.6000E+01
 -51.356  0.0000E+00  0.6000E+01
 -51.336  0.0000E+00  0.6000E+01
 -51.316  0.0000E+00  0.6000E+01
 -51.296  0.0000E+00  0.6000E+01
 -51.276  0.0000E+00  0.6000E+01
 -51.256  0.0000E+00  0.6000E+01
 -51.236  0.0000E+00  0.6000E+01
 -51.216  0.0000E+00  0.6000E+01
 -51.196  0.0000E+00  0.6000E+01
 -51.176  0.0000E+00  0.6000E+01
 -51.156  0.0000E+00  0.6000E+01
 -51.136  0.0000E+00  0.6000E+01
 -51.116  0.0000E+00  0.6000E+01
 -51.096  0.0000E+00  0.6000E+01
 -51.076  0.0000E+00  0.6000E+01
 -51.056  0.0000E+00  0.6000E+01
 -51.036  0.0000E+00  0.6000E+01
 -51.016  0.0000E+00  0.6000E+01
 -50.996  0.0000E+00  0.6000E+01
 -50.976  0.0000E+00  0.6000E+01
 -50.956  0.0000E+00  0.6000E+01
 -50.936  0.0000E+00  0.6000E+01
 -50.916  0.0000E+00  0.6000E+01
 -50.896  0.0000E+00  0.6000E+01
 -50.876  0.0000E+00  0.6000E+01
 -50.856  0.0000E+00  0.6000E+01
 -50.836  0.0000E+00  0.6000E+01
 -50.816  0.0000E+00  0.6000E+01
 -50.796  0.0000E+00  0.6000E+01
 -50.776  0.0000E+00  0.6000E+01
 -50.756  0.0000E+00  0.6000E+01
 -50.736  0.0000E+00  0.6000E+01
 -50.716  0.0000E+00  0.6000E+01
 -50.696  0.0000E+00  0.6000E+01
 -50.676  0.0000E+00  0.6000E+01
 -50.656  0.0000E+00  0.6000E+01
 -50.636  0.0000E+00  0.6000E+01
 -50.616  0.0000E+00  0.6000E+01
 -50.596  0.0000E+00  0.6000E+01
 -50.576  0.0000E+00  0.6000E+01
 -50.556  0.0000E+00  0.6000E+01
 -50.536  0.0000E+00  0.6000E+01
 -50.516  0.0000E+00  0.6000E+01
 -50.496  0.0000E+00  0.6000E+01
 -50.476  0.0000E+00  0.6000E+01
 -50.456  0.0000E+00  0.6000E+01
 -50.436  0.0000E+00  0.6000E+01
 -50.416  0.0000E+00  0.6000E+01
 -50.396  0.0000E+00  0.6000E+01
 -50.376  0.0000E+00  0.6000E+01
 -50.356  0.0000E+00  0.6000E+01
 -50.336  0.0000E+00  0.6000E+01
 -50.316  0.0000E+00  0.6000E+01
 -50.296  0.0000E+00  0.6000E+01
 -50.276  0.0000E+00  0.6000E+01
 -50.256  0.0000E+00  0.6000E+01
 -50.236  0.0000E+00  0.6000E+01
 -50.216  0.0000E+00  0.6000E+01
 -50.196  0.0000E+00  0.6000E+01
 -50.176  0.0000E+00  0.6000E+01
 -50.156  0.0000E+00  0.6000E+01
 -50.136  0.0000E+00  0.6000E+01
 -50.116  0.0000E+00  0.6000E+01
 -50.096  0.0000E+00  0.6000E+01
 -50.076  0.0000E+00  0.6000E+01
 -50.056  0.0000E+00  0.6000E+01
 -50.036  0.0000E+00  0.6000E+01
 -50.016  0.0000E+00  0.6000E+01
 -49.996  0.0000E+00  0.6000E+01
 -49.976  0.0000E+00  0.6000E+01
 -49.956  0.0000E+00  0.6000E+01
 -49.936  0.0000E+00  0.6000E+01
 -49.916  0.0000E+00  0.6000E+01
 -49.896  0.0000E+00  0.6000E+01
 -49.876  0.0000E+00  0.6000E+01
 -49.856  0.0000E+00  0.6000E+01
 -49.836  0.0000E+00  0.6000E+01
 -49.816  0.0000E+00  0.6000E+01
 -49.796  0.0000E+00  0.6000E+01
 -49.776  0.0000E+00  0.6000E+01
 -49.756  0.0000E+00  0.6000E+01
 -49.736  0.0000E+00  0.6000E+01
 -49.716  0.0000E+00  0.6000E+01
 -49.696  0.0000E+00  0.6000E+01
 -49.676  0.0000E+00  0.6000E+01
 -49.656  0.0000E+00  0.6000E+01
 -49.636  0.0000E+00  0.6000E+01
 -49.616  0.0000E+00  0.6000E+01
 -49.596  0.0000E+00  0.6000E+01
 -49.576  0.0000E+00  0.6000E+01
 -49.556  0.0000E+00  0.6000E+01
 -49.536  0.0000E+00  0.6000E+01
 -49.516  0.0000E+00  0.6000E+01
 -49.496  0.0000E+00  0.6000E+01
 -49.476  0.0000E+00  0.6000E+01
 -49.456  0.0000E+00  0.6000E+01
 -49.436  0.0000E+00  0.6000E+01
 -49.416  0.0000E+00  0.6000E+01
 -49.396  0.0000E+00  0.6000E+01
 -49.376  0.0000E+00  0.6000E+01
 -49.356  0.0000E+00  0.6000E+01
 -49.336  0.0000E+00  0.6000E+01
 -49.316  0.0000E+00  0.6000E+01
 -49.296  0.0000E+00  0.6000E+01
 -49.276  0.0000E+00  0.6000E+01
 -49.256  0.0000E+00  0.6000E+01
 -49.236  0.0000E+00  0.6000E+01
 -49.216  0.0000E+00  0.6000E+01
 -49.196  0.0000E+00  0.6000E+01
 -49.176  0.0000E+00  0.6000E+01
 -49.156  0.0000E+00  0.6000E+01
 -49.136  0.0000E+00  0.6000E+01
 -49.116  0.0000E+00  0.6000E+01
 -49.096  0.0000E+00  0.6000E+01
 -49.076  0.0000E+00  0.6000E+01
 -49.056  0.0000E+00  0.6000E+01
 -49.036  0.0000E+00  0.6000E+01
 -49.016  0.0000E+00  0.6000E+01
 -48.996  0.0000E+00  0.6000E+01
 -48.976  0.0000E+00  0.6000E+01
 -48.956  0.0000E+00  0.6000E+01
 -48.936  0.0000E+00  0.6000E+01
 -48.916  0.0000E+00  0.6000E+01
 -48.896  0.0000E+00  0.6000E+01
 -48.876  0.0000E+00  0.6000E+01
 -48.856  0.0000E+00  0.6000E+01
 -48.836  0.0000E+00  0.6000E+01
 -48.816  0.0000E+00  0.6000E+01
 -48.796  0.0000E+00  0.6000E+01
 -48.776  0.0000E+00  0.6000E+01
 -48.756  0.0000E+00  0.6000E+01
 -48.736  0.0000E+00  0.6000E+01
 -48.716  0.0000E+00  0.6000E+01
 -48.696  0.0000E+00  0.6000E+01
 -48.676  0.0000E+00  0.6000E+01
 -48.656  0.0000E+00  0.6000E+01
 -48.636  0.0000E+00  0.6000E+01
 -48.616  0.0000E+00  0.6000E+01
 -48.596  0.0000E+00  0.6000E+01
 -48.576  0.0000E+00  0.6000E+01
 -48.556  0.0000E+00  0.6000E+01
 -48.536  0.0000E+00  0.6000E+01
 -48.516  0.0000E+00  0.6000E+01
 -48.496  0.0000E+00  0.6000E+01
 -48.476  0.0000E+00  0.6000E+01
 -48.456  0.0000E+00  0.6000E+01
 -48.436  0.0000E+00  0.6000E+01
 -48.416  0.0000E+00  0.6000E+01
 -48.396  0.0000E+00  0.6000E+01
 -48.376  0.0000E+00  0.6000E+01
 -48.356  0.0000E+00  0.6000E+01
 -48.336  0.0000E+00  0.6000E+01
 -48.316  0.0000E+00  0.6000E+01
 -48.296  0.0000E+00  0.6000E+01
 -48.276  0.0000E+00  0.6000E+01
 -48.256  0.0000E+00  0.6000E+01
 -48.236  0.0000E+00  0.6000E+01
 -48.216  0.0000E+00  0.6000E+01
 -48.196  0.0000E+00  0.6000E+01
 -48.176  0.0000E+00  0.6000E+01
 -48.156  0.0000E+00  0.6000E+01
 -48.136  0.0000E+00  0.6000E+01
 -48.116  0.0000E+00  0.6000E+01
 -48.096  0.0000E+00  0.6000E+01
 -48.076  0.0000E+00  0.6000E+01
 -48.056  0.0000E+00  0.6000E+01
 -48.036  0.0000E+00  0.6000E+01
 -48.016  0.0000E+00  0.6000E+01
 -47.996  0.0000E+00  0.6000E+01
 -47.976  0.0000E+00  0.6000E+01
 -47.956  0.0000E+00  0.6000E+01
 -47.936  0.0000E+00  0.6000E+01
 -47.916  0.0000E+00  0.6000E+01
 -47.896  0.0000E+00  0.6000E+01
 -47.876  0.0000E+00  0.6000E+01
 -47.856  0.0000E+00  0.6000E+01
 -47.836  0.0000E+00  0.6000E+01
 -47.816  0.0000E+00  0.6000E+01
 -47.796  0.0000E+00  0.6000E+01
 -47.776  0.0000E+00  0.6000E+01
 -47.756  0.0000E+00  0.6000E+01
 -47.736  0.0000E+00  0.6000E+01
 -47.716  0.0000E+00  0.6000E+01
 -47.696  0.0000E+00  0.6000E+01
 -47.676  0.0000E+00  0.6000E+01
 -47.656  0.0000E+00  0.6000E+01
 -47.636  0.0000E+00  0.6000E+01
 -47.616  0.0000E+00  0.6000E+01
 -47.596  0.0000E+00  0.6000E+01
 -47.576  0.0000E+00  0.6000E+01
 -47.556  0.0000E+00  0.6000E+01
 -47.536  0.0000E+00  0.6000E+01
 -47.516  0.0000E+00  0.6000E+01
 -47.496  0.0000E+00  0.6000E+01
 -47.476  0.0000E+00  0.6000E+01
 -47.456  0.0000E+00  0.6000E+01
 -47.436  0.0000E+00  0.6000E+01
 -47.416  0.0000E+00  0.6000E+01
 -47.396  0.0000E+00  0.6000E+01
 -47.376  0.0000E+00  0.6000E+01
 -47.356  0.0000E+00  0.6000E+01
 -47.336  0.0000E+00  0.6000E+01
 -47.316  0.0000E+00  0.6000E+01
 -47.296  0.0000E+00  0.6000E+01
 -47.276  0.0000E+00  0.6000E+01
 -47.256  0.0000E+00  0.6000E+01
 -47.236  0.0000E+00  0.6000E+01
 -47.216  0.0000E+00  0.6000E+01
 -47.196  0.0000E+00  0.6000E+01
 -47.176  0.0000E+00  0.6000E+01
 -47.156  0.0000E+00  0.6000E+01
 -47.136  0.0000E+00  0.6000E+01
 -47.116  0.0000E+00  0.6000E+01
 -47.096  0.0000E+00  0.6000E+01
 -47.076  0.0000E+00  0.6000E+01
 -47.056  0.0000E+00  0.6000E+01
 -47.036  0.0000E+00  0.6000E+01
 -47.016  0.0000E+00  0.6000E+01
 -46.996  0.0000E+00  0.6000E+01
 -46.976  0.0000E+00  0.6000E+01
 -46.956  0.0000E+00  0.6000E+01
 -46.936  0.0000E+00  0.6000E+01
 -46.916  0.0000E+00  0.6000E+01
 -46.896  0.0000E+00  0.6000E+01
 -46.876  0.0000E+00  0.6000E+01
 -46.856  0.0000E+00  0.6000E+01
 -46.836  0.0000E+00  0.6000E+01
 -46.816  0.0000E+00  0.6000E+01
 -46.796  0.0000E+00  0.6000E+01
 -46.776  0.0000E+00  0.6000E+01
 -46.756  0.0000E+00  0.6000E+01
 -46.736  0.0000E+00  0.6000E+01
 -46.716  0.0000E+00  0.6000E+01
 -46.696  0.0000E+00  0.6000E+01
 -46.676  0.0000E+00  0.6000E+01
 -46.656  0.0000E+00  0.6000E+01
 -46.636  0.0000E+00  0.6000E+01
 -46.616  0.0000E+00  0.6000E+01
 -46.596  0.0000E+00  0.6000E+01
 -46.576  0.0000E+00  0.6000E+01
 -46.556  0.0000E+00  0.6000E+01
 -46.536  0.0000E+00  0.6000E+01
 -46.516  0.0000E+00  0.6000E+01
 -46.496  0.0000E+00  0.6000E+01
 -46.476  0.0000E+00  0.6000E+01
 -46.456  0.0000E+00  0.6000E+01
 -46.436  0.0000E+00  0.6000E+01
 -46.416  0.0000E+00  0.6000E+01
 -46.396  0.0000E+00  0.6000E+01
 -46.376  0.0000E+00  0.6000E+01
 -46.356  0.0000E+00  0.6000E+01
 -46.336  0.0000E+00  0.6000E+01
 -46.316  0.0000E+00  0.6000E+01
 -46.296  0.0000E+00  0.6000E+01
 -46.276  0.0000E+00  0.6000E+01
 -46.256  0.0000E+00  0.6000E+01
 -46.236  0.0000E+00  0.6000E+01
 -46.216  0.0000E+00  0.6000E+01
 -46.196  0.0000E+00  0.6000E+01
 -46.176  0.0000E+00  0.6000E+01
 -46.156  0.0000E+00  0.6000E+01
 -46.136  0.0000E+00  0.6000E+01
 -46.116  0.0000E+00  0.6000E+01
 -46.096  0.0000E+00  0.6000E+01
 -46.076  0.0000E+00  0.6000E+01
 -46.056  0.0000E+00  0.6000E+01
 -46.036  0.0000E+00  0.6000E+01
 -46.016  0.0000E+00  0.6000E+01
 -45.996  0.0000E+00  0.6000E+01
 -45.976  0.0000E+00  0.6000E+01
 -45.956  0.0000E+00  0.6000E+01
 -45.936  0.0000E+00  0.6000E+01
 -45.916  0.0000E+00  0.6000E+01
 -45.896  0.0000E+00  0.6000E+01
 -45.876  0.0000E+00  0.6000E+01
 -45.856  0.0000E+00  0.6000E+01
 -45.836  0.0000E+00  0.6000E+01
 -45.816  0.0000E+00  0.6000E+01
 -45.796  0.0000E+00  0.6000E+01
 -45.776  0.0000E+00  0.6000E+01
 -45.756  0.0000E+00  0.6000E+01
 -45.736  0.0000E+00  0.6000E+01
 -45.716  0.0000E+00  0.6000E+01
 -45.696  0.0000E+00  0.6000E+01
 -45.676  0.0000E+00  0.6000E+01
 -45.656  0.0000E+00  0.6000E+01
 -45.636  0.0000E+00  0.6000E+01
 -45.616  0.0000E+00  0.6000E+01
 -45.596  0.0000E+00  0.6000E+01
 -45.576  0.0000E+00  0.6000E+01
 -45.556  0.0000E+00  0.6000E+01
 -45.536  0.0000E+00  0.6000E+01
 -45.516  0.0000E+00  0.6000E+01
 -45.496  0.0000E+00  0.6000E+01
 -45.476  0.0000E+00  0.6000E+01
 -45.456  0.0000E+00  0.6000E+01
 -45.436  0.0000E+00  0.6000E+01
 -45.416  0.0000E+00  0.6000E+01
 -45.396  0.0000E+00  0.6000E+01
 -45.376  0.0000E+00  0.6000E+01
 -45.356  0.0000E+00  0.6000E+01
 -45.336  0.0000E+00  0.6000E+01
 -45.316  0.0000E+00  0.6000E+01
 -45.296  0.0000E+00  0.6000E+01
 -45.276  0.0000E+00  0.6000E+01
 -45.256  0.0000E+00  0.6000E+01
 -45.236  0.0000E+00  0.6000E+01
 -45.216  0.0000E+00  0.6000E+01
 -45.196  0.0000E+00  0.6000E+01
 -45.176  0.0000E+00  0.6000E+01
 -45.156  0.0000E+00  0.6000E+01
 -45.136  0.0000E+00  0.6000E+01
 -45.116  0.0000E+00  0.6000E+01
 -45.096  0.0000E+00  0.6000E+01
 -45.076  0.0000E+00  0.6000E+01
 -45.056  0.0000E+00  0.6000E+01
 -45.036  0.0000E+00  0.6000E+01
 -45.016  0.0000E+00  0.6000E+01
 -44.996  0.0000E+00  0.6000E+01
 -44.976  0.0000E+00  0.6000E+01
 -44.956  0.0000E+00  0.6000E+01
 -44.936  0.0000E+00  0.6000E+01
 -44.916  0.0000E+00  0.6000E+01
 -44.896  0.0000E+00  0.6000E+01
 -44.876  0.0000E+00  0.6000E+01
 -44.856  0.0000E+00  0.6000E+01
 -44.836  0.0000E+00  0.6000E+01
 -44.816  0.0000E+00  0.6000E+01
 -44.796  0.0000E+00  0.6000E+01
 -44.776  0.0000E+00  0.6000E+01
 -44.756  0.0000E+00  0.6000E+01
 -44.736  0.0000E+00  0.6000E+01
 -44.716  0.0000E+00  0.6000E+01
 -44.696  0.0000E+00  0.6000E+01
 -44.676  0.0000E+00  0.6000E+01
 -44.656  0.0000E+00  0.6000E+01
 -44.636  0.0000E+00  0.6000E+01
 -44.616  0.0000E+00  0.6000E+01
 -44.596  0.0000E+00  0.6000E+01
 -44.576  0.0000E+00  0.6000E+01
 -44.556  0.0000E+00  0.6000E+01
 -44.536  0.0000E+00  0.6000E+01
 -44.516  0.0000E+00  0.6000E+01
 -44.496  0.0000E+00  0.6000E+01
 -44.476  0.0000E+00  0.6000E+01
 -44.456  0.0000E+00  0.6000E+01
 -44.436  0.0000E+00  0.6000E+01
 -44.416  0.0000E+00  0.6000E+01
 -44.396  0.0000E+00  0.6000E+01
 -44.376  0.0000E+00  0.6000E+01
 -44.356  0.0000E+00  0.6000E+01
 -44.336  0.0000E+00  0.6000E+01
 -44.316  0.0000E+00  0.6000E+01
 -44.296  0.0000E+00  0.6000E+01
 -44.276  0.0000E+00  0.6000E+01
 -44.256  0.0000E+00  0.6000E+01
 -44.236  0.0000E+00  0.6000E+01
 -44.216  0.0000E+00  0.6000E+01
 -44.196  0.0000E+00  0.6000E+01
 -44.176  0.0000E+00  0.6000E+01
 -44.156  0.0000E+00  0.6000E+01
 -44.136  0.0000E+00  0.6000E+01
 -44.116  0.0000E+00  0.6000E+01
 -44.096  0.0000E+00  0.6000E+01
 -44.076  0.0000E+00  0.6000E+01
 -44.056  0.0000E+00  0.6000E+01
 -44.036  0.0000E+00  0.6000E+01
 -44.016  0.0000E+00  0.6000E+01
 -43.996  0.0000E+00  0.6000E+01
 -43.976  0.0000E+00  0.6000E+01
 -43.956  0.0000E+00  0.6000E+01
 -43.936  0.0000E+00  0.6000E+01
 -43.916  0.0000E+00  0.6000E+01
 -43.896  0.0000E+00  0.6000E+01
 -43.876  0.0000E+00  0.6000E+01
 -43.856  0.0000E+00  0.6000E+01
 -43.836  0.0000E+00  0.6000E+01
 -43.816  0.0000E+00  0.6000E+01
 -43.796  0.0000E+00  0.6000E+01
 -43.776  0.0000E+00  0.6000E+01
 -43.756  0.0000E+00  0.6000E+01
 -43.736  0.0000E+00  0.6000E+01
 -43.716  0.0000E+00  0.6000E+01
 -43.696  0.0000E+00  0.6000E+01
 -43.676  0.0000E+00  0.6000E+01
 -43.656  0.0000E+00  0.6000E+01
 -43.636  0.0000E+00  0.6000E+01
 -43.616  0.0000E+00  0.6000E+01
 -43.596  0.0000E+00  0.6000E+01
 -43.576  0.0000E+00  0.6000E+01
 -43.556  0.0000E+00  0.6000E+01
 -43.536  0.0000E+00  0.6000E+01
 -43.516  0.0000E+00  0.6000E+01
 -43.496  0.0000E+00  0.6000E+01
 -43.476  0.0000E+00  0.6000E+01
 -43.456  0.0000E+00  0.6000E+01
 -43.436  0.0000E+00  0.6000E+01
 -43.416  0.0000E+00  0.6000E+01
 -43.396  0.0000E+00  0.6000E+01
 -43.376  0.0000E+00  0.6000E+01
 -43.356  0.0000E+00  0.6000E+01
 -43.336  0.0000E+00  0.6000E+01
 -43.316  0.0000E+00  0.6000E+01
 -43.296  0.0000E+00  0.6000E+01
 -43.276  0.0000E+00  0.6000E+01
 -43.256  0.0000E+00  0.6000E+01
 -43.236  0.0000E+00  0.6000E+01
 -43.216  0.0000E+00  0.6000E+01
 -43.196  0.0000E+00  0.6000E+01
 -43.176  0.0000E+00  0.6000E+01
 -43.156  0.0000E+00  0.6000E+01
 -43.136  0.0000E+00  0.6000E+01
 -43.116  0.0000E+00  0.6000E+01
 -43.096  0.0000E+00  0.6000E+01
 -43.076  0.0000E+00  0.6000E+01
 -43.056  0.0000E+00  0.6000E+01
 -43.036  0.0000E+00  0.6000E+01
 -43.016  0.0000E+00  0.6000E+01
 -42.996  0.0000E+00  0.6000E+01
 -42.976  0.0000E+00  0.6000E+01
 -42.956  0.0000E+00  0.6000E+01
 -42.936  0.0000E+00  0.6000E+01
 -42.916  0.0000E+00  0.6000E+01
 -42.896  0.0000E+00  0.6000E+01
 -42.876  0.0000E+00  0.6000E+01
 -42.856  0.0000E+00  0.6000E+01
 -42.836  0.0000E+00  0.6000E+01
 -42.816  0.0000E+00  0.6000E+01
 -42.796  0.0000E+00  0.6000E+01
 -42.776  0.0000E+00  0.6000E+01
 -42.756  0.0000E+00  0.6000E+01
 -42.736  0.0000E+00  0.6000E+01
 -42.716  0.0000E+00  0.6000E+01
 -42.696  0.0000E+00  0.6000E+01
 -42.676  0.0000E+00  0.6000E+01
 -42.656  0.0000E+00  0.6000E+01
 -42.636  0.0000E+00  0.6000E+01
 -42.616  0.0000E+00  0.6000E+01
 -42.596  0.0000E+00  0.6000E+01
 -42.576  0.0000E+00  0.6000E+01
 -42.556  0.0000E+00  0.6000E+01
 -42.536  0.0000E+00  0.6000E+01
 -42.516  0.0000E+00  0.6000E+01
 -42.496  0.0000E+00  0.6000E+01
 -42.476  0.0000E+00  0.6000E+01
 -42.456  0.0000E+00  0.6000E+01
 -42.436  0.0000E+00  0.6000E+01
 -42.416  0.0000E+00  0.6000E+01
 -42.396  0.0000E+00  0.6000E+01
 -42.376  0.0000E+00  0.6000E+01
 -42.356  0.0000E+00  0.6000E+01
 -42.336  0.0000E+00  0.6000E+01
 -42.316  0.0000E+00  0.6000E+01
 -42.296  0.0000E+00  0.6000E+01
 -42.276  0.0000E+00  0.6000E+01
 -42.256  0.0000E+00  0.6000E+01
 -42.236  0.0000E+00  0.6000E+01
 -42.216  0.0000E+00  0.6000E+01
 -42.196  0.0000E+00  0.6000E+01
 -42.176  0.0000E+00  0.6000E+01
 -42.156  0.0000E+00  0.6000E+01
 -42.136  0.0000E+00  0.6000E+01
 -42.116  0.0000E+00  0.6000E+01
 -42.096  0.0000E+00  0.6000E+01
 -42.076  0.0000E+00  0.6000E+01
 -42.056  0.0000E+00  0.6000E+01
 -42.036  0.0000E+00  0.6000E+01
 -42.016  0.0000E+00  0.6000E+01
 -41.996  0.0000E+00  0.6000E+01
 -41.976  0.0000E+00  0.6000E+01
 -41.956  0.0000E+00  0.6000E+01
 -41.936  0.0000E+00  0.6000E+01
 -41.916  0.0000E+00  0.6000E+01
 -41.896  0.0000E+00  0.6000E+01
 -41.876  0.0000E+00  0.6000E+01
 -41.856  0.0000E+00  0.6000E+01
 -41.836  0.0000E+00  0.6000E+01
 -41.816  0.0000E+00  0.6000E+01
 -41.796  0.0000E+00  0.6000E+01
 -41.776  0.0000E+00  0.6000E+01
 -41.756  0.0000E+00  0.6000E+01
 -41.736  0.0000E+00  0.6000E+01
 -41.716  0.0000E+00  0.6000E+01
 -41.696  0.0000E+00  0.6000E+01
 -41.676  0.0000E+00  0.6000E+01
 -41.656  0.0000E+00  0.6000E+01
 -41.636  0.0000E+00  0.6000E+01
 -41.616  0.0000E+00  0.6000E+01
 -41.596  0.0000E+00  0.6000E+01
 -41.576  0.0000E+00  0.6000E+01
 -41.556  0.0000E+00  0.6000E+01
 -41.536  0.0000E+00  0.6000E+01
 -41.516  0.0000E+00  0.6000E+01
 -41.496  0.0000E+00  0.6000E+01
 -41.476  0.0000E+00  0.6000E+01
 -41.456  0.0000E+00  0.6000E+01
 -41.436  0.0000E+00  0.6000E+01
 -41.416  0.0000E+00  0.6000E+01
 -41.396  0.0000E+00  0.6000E+01
 -41.376  0.0000E+00  0.6000E+01
 -41.356  0.0000E+00  0.6000E+01
 -41.336  0.0000E+00  0.6000E+01
 -41.316  0.0000E+00  0.6000E+01
 -41.296  0.0000E+00  0.6000E+01
 -41.276  0.0000E+00  0.6000E+01
 -41.256  0.0000E+00  0.6000E+01
 -41.236  0.0000E+00  0.6000E+01
 -41.216  0.0000E+00  0.6000E+01
 -41.196  0.0000E+00  0.6000E+01
 -41.176  0.0000E+00  0.6000E+01
 -41.156  0.0000E+00  0.6000E+01
 -41.136  0.0000E+00  0.6000E+01
 -41.116  0.0000E+00  0.6000E+01
 -41.096  0.0000E+00  0.6000E+01
 -41.076  0.0000E+00  0.6000E+01
 -41.056  0.0000E+00  0.6000E+01
 -41.036  0.0000E+00  0.6000E+01
 -41.016  0.0000E+00  0.6000E+01
 -40.996  0.0000E+00  0.6000E+01
 -40.976  0.0000E+00  0.6000E+01
 -40.956  0.0000E+00  0.6000E+01
 -40.936  0.0000E+00  0.6000E+01
 -40.916  0.0000E+00  0.6000E+01
 -40.896  0.0000E+00  0.6000E+01
 -40.876  0.0000E+00  0.6000E+01
 -40.856  0.0000E+00  0.6000E+01
 -40.836  0.0000E+00  0.6000E+01
 -40.816  0.0000E+00  0.6000E+01
 -40.796  0.0000E+00  0.6000E+01
 -40.776  0.0000E+00  0.6000E+01
 -40.756  0.0000E+00  0.6000E+01
 -40.736  0.0000E+00  0.6000E+01
 -40.716  0.0000E+00  0.6000E+01
 -40.696  0.0000E+00  0.6000E+01
 -40.676  0.0000E+00  0.6000E+01
 -40.656  0.0000E+00  0.6000E+01
 -40.636  0.0000E+00  0.6000E+01
 -40.616  0.0000E+00  0.6000E+01
 -40.596  0.0000E+00  0.6000E+01
 -40.576  0.0000E+00  0.6000E+01
 -40.556  0.0000E+00  0.6000E+01
 -40.536  0.0000E+00  0.6000E+01
 -40.516  0.0000E+00  0.6000E+01
 -40.496  0.0000E+00  0.6000E+01
 -40.476  0.0000E+00  0.6000E+01
 -40.456  0.0000E+00  0.6000E+01
 -40.436  0.0000E+00  0.6000E+01
 -40.416  0.0000E+00  0.6000E+01
 -40.396  0.0000E+00  0.6000E+01
 -40.376  0.0000E+00  0.6000E+01
 -40.356  0.0000E+00  0.6000E+01
 -40.336  0.0000E+00  0.6000E+01
 -40.316  0.0000E+00  0.6000E+01
 -40.296  0.0000E+00  0.6000E+01
 -40.276  0.0000E+00  0.6000E+01
 -40.256  0.0000E+00  0.6000E+01
 -40.236  0.0000E+00  0.6000E+01
 -40.216  0.0000E+00  0.6000E+01
 -40.196  0.0000E+00  0.6000E+01
 -40.176  0.0000E+00  0.6000E+01
 -40.156  0.0000E+00  0.6000E+01
 -40.136  0.0000E+00  0.6000E+01
 -40.116  0.0000E+00  0.6000E+01
 -40.096  0.0000E+00  0.6000E+01
 -40.076  0.0000E+00  0.6000E+01
 -40.056  0.0000E+00  0.6000E+01
 -40.036  0.0000E+00  0.6000E+01
 -40.016  0.0000E+00  0.6000E+01
 -39.996  0.0000E+00  0.6000E+01
 -39.976  0.0000E+00  0.6000E+01
 -39.956  0.0000E+00  0.6000E+01
 -39.936  0.0000E+00  0.6000E+01
 -39.916  0.0000E+00  0.6000E+01
 -39.896  0.0000E+00  0.6000E+01
 -39.876  0.0000E+00  0.6000E+01
 -39.856  0.0000E+00  0.6000E+01
 -39.836  0.0000E+00  0.6000E+01
 -39.816  0.0000E+00  0.6000E+01
 -39.796  0.0000E+00  0.6000E+01
 -39.776  0.0000E+00  0.6000E+01
 -39.756  0.0000E+00  0.6000E+01
 -39.736  0.0000E+00  0.6000E+01
 -39.716  0.0000E+00  0.6000E+01
 -39.696  0.0000E+00  0.6000E+01
 -39.676  0.0000E+00  0.6000E+01
 -39.656  0.0000E+00  0.6000E+01
 -39.636  0.0000E+00  0.6000E+01
 -39.616  0.0000E+00  0.6000E+01
 -39.596  0.0000E+00  0.6000E+01
 -39.576  0.0000E+00  0.6000E+01
 -39.556  0.0000E+00  0.6000E+01
 -39.536  0.0000E+00  0.6000E+01
 -39.516  0.0000E+00  0.6000E+01
 -39.496  0.0000E+00  0.6000E+01
 -39.476  0.0000E+00  0.6000E+01
 -39.456  0.0000E+00  0.6000E+01
 -39.436  0.0000E+00  0.6000E+01
 -39.416  0.0000E+00  0.6000E+01
 -39.396  0.0000E+00  0.6000E+01
 -39.376  0.0000E+00  0.6000E+01
 -39.356  0.0000E+00  0.6000E+01
 -39.336  0.0000E+00  0.6000E+01
 -39.316  0.0000E+00  0.6000E+01
 -39.296  0.0000E+00  0.6000E+01
 -39.276  0.0000E+00  0.6000E+01
 -39.256  0.0000E+00  0.6000E+01
 -39.236  0.0000E+00  0.6000E+01
 -39.216  0.0000E+00  0.6000E+01
 -39.196  0.0000E+00  0.6000E+01
 -39.176  0.0000E+00  0.6000E+01
 -39.156  0.0000E+00  0.6000E+01
 -39.136  0.0000E+00  0.6000E+01
 -39.116  0.0000E+00  0.6000E+01
 -39.096  0.0000E+00  0.6000E+01
 -39.076  0.0000E+00  0.6000E+01
 -39.056  0.0000E+00  0.6000E+01
 -39.036  0.0000E+00  0.6000E+01
 -39.016  0.0000E+00  0.6000E+01
 -38.996  0.0000E+00  0.6000E+01
 -38.976  0.0000E+00  0.6000E+01
 -38.956  0.0000E+00  0.6000E+01
 -38.936  0.0000E+00  0.6000E+01
 -38.916  0.0000E+00  0.6000E+01
 -38.896  0.0000E+00  0.6000E+01
 -38.876  0.0000E+00  0.6000E+01
 -38.856  0.0000E+00  0.6000E+01
 -38.836  0.0000E+00  0.6000E+01
 -38.816  0.0000E+00  0.6000E+01
 -38.796  0.0000E+00  0.6000E+01
 -38.776  0.0000E+00  0.6000E+01
 -38.756  0.0000E+00  0.6000E+01
 -38.736  0.0000E+00  0.6000E+01
 -38.716  0.0000E+00  0.6000E+01
 -38.696  0.0000E+00  0.6000E+01
 -38.676  0.0000E+00  0.6000E+01
 -38.656  0.0000E+00  0.6000E+01
 -38.636  0.0000E+00  0.6000E+01
 -38.616  0.0000E+00  0.6000E+01
 -38.596  0.0000E+00  0.6000E+01
 -38.576  0.0000E+00  0.6000E+01
 -38.556  0.0000E+00  0.6000E+01
 -38.536  0.0000E+00  0.6000E+01
 -38.516  0.0000E+00  0.6000E+01
 -38.496  0.0000E+00  0.6000E+01
 -38.476  0.0000E+00  0.6000E+01
 -38.456  0.0000E+00  0.6000E+01
 -38.436  0.0000E+00  0.6000E+01
 -38.416  0.0000E+00  0.6000E+01
 -38.396  0.0000E+00  0.6000E+01
 -38.376  0.0000E+00  0.6000E+01
 -38.356  0.0000E+00  0.6000E+01
 -38.336  0.0000E+00  0.6000E+01
 -38.316  0.0000E+00  0.6000E+01
 -38.296  0.0000E+00  0.6000E+01
 -38.276  0.0000E+00  0.6000E+01
 -38.256  0.0000E+00  0.6000E+01
 -38.236  0.0000E+00  0.6000E+01
 -38.216  0.0000E+00  0.6000E+01
 -38.196  0.0000E+00  0.6000E+01
 -38.176  0.0000E+00  0.6000E+01
 -38.156  0.0000E+00  0.6000E+01
 -38.136  0.0000E+00  0.6000E+01
 -38.116  0.0000E+00  0.6000E+01
 -38.096  0.0000E+00  0.6000E+01
 -38.076  0.0000E+00  0.6000E+01
 -38.056  0.0000E+00  0.6000E+01
 -38.036  0.0000E+00  0.6000E+01
 -38.016  0.0000E+00  0.6000E+01
 -37.996  0.0000E+00  0.6000E+01
 -37.976  0.0000E+00  0.6000E+01
 -37.956  0.0000E+00  0.6000E+01
 -37.936  0.0000E+00  0.6000E+01
 -37.916  0.0000E+00  0.6000E+01
 -37.896  0.0000E+00  0.6000E+01
 -37.876  0.0000E+00  0.6000E+01
 -37.856  0.0000E+00  0.6000E+01
 -37.836  0.0000E+00  0.6000E+01
 -37.816  0.0000E+00  0.6000E+01
 -37.796  0.0000E+00  0.6000E+01
 -37.776  0.0000E+00  0.6000E+01
 -37.756  0.0000E+00  0.6000E+01
 -37.736  0.0000E+00  0.6000E+01
 -37.716  0.0000E+00  0.6000E+01
 -37.696  0.0000E+00  0.6000E+01
 -37.676  0.0000E+00  0.6000E+01
 -37.656  0.0000E+00  0.6000E+01
 -37.636  0.0000E+00  0.6000E+01
 -37.616  0.0000E+00  0.6000E+01
 -37.596  0.0000E+00  0.6000E+01
 -37.576  0.0000E+00  0.6000E+01
 -37.556  0.0000E+00  0.6000E+01
 -37.536  0.0000E+00  0.6000E+01
 -37.516  0.0000E+00  0.6000E+01
 -37.496  0.0000E+00  0.6000E+01
 -37.476  0.0000E+00  0.6000E+01
 -37.456  0.0000E+00  0.6000E+01
 -37.436  0.0000E+00  0.6000E+01
 -37.416  0.0000E+00  0.6000E+01
 -37.396  0.0000E+00  0.6000E+01
 -37.376  0.0000E+00  0.6000E+01
 -37.356  0.0000E+00  0.6000E+01
 -37.336  0.0000E+00  0.6000E+01
 -37.316  0.0000E+00  0.6000E+01
 -37.296  0.0000E+00  0.6000E+01
 -37.276  0.0000E+00  0.6000E+01
 -37.256  0.0000E+00  0.6000E+01
 -37.236  0.0000E+00  0.6000E+01
 -37.216  0.0000E+00  0.6000E+01
 -37.196  0.0000E+00  0.6000E+01
 -37.176  0.0000E+00  0.6000E+01
 -37.156  0.0000E+00  0.6000E+01
 -37.136  0.0000E+00  0.6000E+01
 -37.116  0.0000E+00  0.6000E+01
 -37.096  0.0000E+00  0.6000E+01
 -37.076  0.0000E+00  0.6000E+01
 -37.056  0.0000E+00  0.6000E+01
 -37.036  0.0000E+00  0.6000E+01
 -37.016  0.0000E+00  0.6000E+01
 -36.996  0.0000E+00  0.6000E+01
 -36.976  0.0000E+00  0.6000E+01
 -36.956  0.0000E+00  0.6000E+01
 -36.936  0.0000E+00  0.6000E+01
 -36.916  0.0000E+00  0.6000E+01
 -36.896  0.0000E+00  0.6000E+01
 -36.876  0.0000E+00  0.6000E+01
 -36.856  0.0000E+00  0.6000E+01
 -36.836  0.0000E+00  0.6000E+01
 -36.816  0.0000E+00  0.6000E+01
 -36.796  0.0000E+00  0.6000E+01
 -36.776  0.0000E+00  0.6000E+01
 -36.756  0.0000E+00  0.6000E+01
 -36.736  0.0000E+00  0.6000E+01
 -36.716  0.0000E+00  0.6000E+01
 -36.696  0.0000E+00  0.6000E+01
 -36.676  0.0000E+00  0.6000E+01
 -36.656  0.0000E+00  0.6000E+01
 -36.636  0.0000E+00  0.6000E+01
 -36.616  0.0000E+00  0.6000E+01
 -36.596  0.0000E+00  0.6000E+01
 -36.576  0.0000E+00  0.6000E+01
 -36.556  0.0000E+00  0.6000E+01
 -36.536  0.0000E+00  0.6000E+01
 -36.516  0.0000E+00  0.6000E+01
 -36.496  0.0000E+00  0.6000E+01
 -36.476  0.0000E+00  0.6000E+01
 -36.456  0.0000E+00  0.6000E+01
 -36.436  0.0000E+00  0.6000E+01
 -36.416  0.0000E+00  0.6000E+01
 -36.396  0.0000E+00  0.6000E+01
 -36.376  0.0000E+00  0.6000E+01
 -36.356  0.0000E+00  0.6000E+01
 -36.336  0.0000E+00  0.6000E+01
 -36.316  0.0000E+00  0.6000E+01
 -36.296  0.0000E+00  0.6000E+01
 -36.276  0.0000E+00  0.6000E+01
 -36.256  0.0000E+00  0.6000E+01
 -36.236  0.0000E+00  0.6000E+01
 -36.216  0.0000E+00  0.6000E+01
 -36.196  0.0000E+00  0.6000E+01
 -36.176  0.0000E+00  0.6000E+01
 -36.156  0.0000E+00  0.6000E+01
 -36.136  0.0000E+00  0.6000E+01
 -36.116  0.0000E+00  0.6000E+01
 -36.096  0.0000E+00  0.6000E+01
 -36.076  0.0000E+00  0.6000E+01
 -36.056  0.0000E+00  0.6000E+01
 -36.036  0.0000E+00  0.6000E+01
 -36.016  0.0000E+00  0.6000E+01
 -35.996  0.0000E+00  0.6000E+01
 -35.976  0.0000E+00  0.6000E+01
 -35.956  0.0000E+00  0.6000E+01
 -35.936  0.0000E+00  0.6000E+01
 -35.916  0.0000E+00  0.6000E+01
 -35.896  0.0000E+00  0.6000E+01
 -35.876  0.0000E+00  0.6000E+01
 -35.856  0.0000E+00  0.6000E+01
 -35.836  0.0000E+00  0.6000E+01
 -35.816  0.0000E+00  0.6000E+01
 -35.796  0.0000E+00  0.6000E+01
 -35.776  0.0000E+00  0.6000E+01
 -35.756  0.0000E+00  0.6000E+01
 -35.736  0.0000E+00  0.6000E+01
 -35.716  0.0000E+00  0.6000E+01
 -35.696  0.0000E+00  0.6000E+01
 -35.676  0.0000E+00  0.6000E+01
 -35.656  0.0000E+00  0.6000E+01
 -35.636  0.0000E+00  0.6000E+01
 -35.616  0.0000E+00  0.6000E+01
 -35.596  0.0000E+00  0.6000E+01
 -35.576  0.0000E+00  0.6000E+01
 -35.556  0.0000E+00  0.6000E+01
 -35.536  0.0000E+00  0.6000E+01
 -35.516  0.0000E+00  0.6000E+01
 -35.496  0.0000E+00  0.6000E+01
 -35.476  0.0000E+00  0.6000E+01
 -35.456  0.0000E+00  0.6000E+01
 -35.436  0.0000E+00  0.6000E+01
 -35.416  0.0000E+00  0.6000E+01
 -35.396  0.0000E+00  0.6000E+01
 -35.376  0.0000E+00  0.6000E+01
 -35.356  0.0000E+00  0.6000E+01
 -35.336  0.0000E+00  0.6000E+01
 -35.316  0.0000E+00  0.6000E+01
 -35.296  0.0000E+00  0.6000E+01
 -35.276  0.0000E+00  0.6000E+01
 -35.256  0.0000E+00  0.6000E+01
 -35.236  0.0000E+00  0.6000E+01
 -35.216  0.0000E+00  0.6000E+01
 -35.196  0.0000E+00  0.6000E+01
 -35.176  0.0000E+00  0.6000E+01
 -35.156  0.0000E+00  0.6000E+01
 -35.136  0.0000E+00  0.6000E+01
 -35.116  0.0000E+00  0.6000E+01
 -35.096  0.0000E+00  0.6000E+01
 -35.076  0.0000E+00  0.6000E+01
 -35.056  0.0000E+00  0.6000E+01
 -35.036  0.0000E+00  0.6000E+01
 -35.016  0.0000E+00  0.6000E+01
 -34.996  0.0000E+00  0.6000E+01
 -34.976  0.0000E+00  0.6000E+01
 -34.956  0.0000E+00  0.6000E+01
 -34.936  0.0000E+00  0.6000E+01
 -34.916  0.0000E+00  0.6000E+01
 -34.896  0.0000E+00  0.6000E+01
 -34.876  0.0000E+00  0.6000E+01
 -34.856  0.0000E+00  0.6000E+01
 -34.836  0.0000E+00  0.6000E+01
 -34.816  0.0000E+00  0.6000E+01
 -34.796  0.0000E+00  0.6000E+01
 -34.776  0.0000E+00  0.6000E+01
 -34.756  0.0000E+00  0.6000E+01
 -34.736  0.0000E+00  0.6000E+01
 -34.716  0.0000E+00  0.6000E+01
 -34.696  0.0000E+00  0.6000E+01
 -34.676  0.0000E+00  0.6000E+01
 -34.656  0.0000E+00  0.6000E+01
 -34.636  0.0000E+00  0.6000E+01
 -34.616  0.0000E+00  0.6000E+01
 -34.596  0.0000E+00  0.6000E+01
 -34.576  0.0000E+00  0.6000E+01
 -34.556  0.0000E+00  0.6000E+01
 -34.536  0.0000E+00  0.6000E+01
 -34.516  0.0000E+00  0.6000E+01
 -34.496  0.0000E+00  0.6000E+01
 -34.476  0.0000E+00  0.6000E+01
 -34.456  0.0000E+00  0.6000E+01
 -34.436  0.0000E+00  0.6000E+01
 -34.416  0.0000E+00  0.6000E+01
 -34.396  0.0000E+00  0.6000E+01
 -34.376  0.0000E+00  0.6000E+01
 -34.356  0.0000E+00  0.6000E+01
 -34.336  0.0000E+00  0.6000E+01
 -34.316  0.0000E+00  0.6000E+01
 -34.296  0.0000E+00  0.6000E+01
 -34.276  0.0000E+00  0.6000E+01
 -34.256  0.0000E+00  0.6000E+01
 -34.236  0.0000E+00  0.6000E+01
 -34.216  0.0000E+00  0.6000E+01
 -34.196  0.0000E+00  0.6000E+01
 -34.176  0.0000E+00  0.6000E+01
 -34.156  0.0000E+00  0.6000E+01
 -34.136  0.0000E+00  0.6000E+01
 -34.116  0.0000E+00  0.6000E+01
 -34.096  0.0000E+00  0.6000E+01
 -34.076  0.0000E+00  0.6000E+01
 -34.056  0.0000E+00  0.6000E+01
 -34.036  0.0000E+00  0.6000E+01
 -34.016  0.0000E+00  0.6000E+01
 -33.996  0.0000E+00  0.6000E+01
 -33.976  0.0000E+00  0.6000E+01
 -33.956  0.0000E+00  0.6000E+01
 -33.936  0.0000E+00  0.6000E+01
 -33.916  0.0000E+00  0.6000E+01
 -33.896  0.0000E+00  0.6000E+01
 -33.876  0.0000E+00  0.6000E+01
 -33.856  0.0000E+00  0.6000E+01
 -33.836  0.0000E+00  0.6000E+01
 -33.816  0.0000E+00  0.6000E+01
 -33.796  0.0000E+00  0.6000E+01
 -33.776  0.0000E+00  0.6000E+01
 -33.756  0.0000E+00  0.6000E+01
 -33.736  0.0000E+00  0.6000E+01
 -33.716  0.0000E+00  0.6000E+01
 -33.696  0.0000E+00  0.6000E+01
 -33.676  0.0000E+00  0.6000E+01
 -33.656  0.0000E+00  0.6000E+01
 -33.636  0.0000E+00  0.6000E+01
 -33.616  0.0000E+00  0.6000E+01
 -33.596  0.0000E+00  0.6000E+01
 -33.576  0.0000E+00  0.6000E+01
 -33.556  0.0000E+00  0.6000E+01
 -33.536  0.1463E+02  0.6159E+01
 -33.516  0.1609E+02  0.6466E+01
 -33.496  0.1790E+02  0.6808E+01
 -33.476  0.2255E+02  0.7214E+01
 -33.456  0.2619E+02  0.7799E+01
 -33.436  0.1164E+02  0.8165E+01
 -33.416  0.9093E+01  0.8364E+01
 -33.396  0.7814E+01  0.8531E+01
 -33.376  0.6975E+01  0.8680E+01
 -33.356  0.6423E+01  0.8813E+01
 -33.336  0.7821E+01  0.8946E+01
 -33.316  0.9986E+01  0.9142E+01
 -33.296  0.1792E+02  0.9396E+01
 -33.276  0.2501E+02  0.9807E+01
 -33.256  0.1539E+02  0.1046E+02
 -33.236  0.9931E+01  0.1064E+02
 -33.216  0.4395E+02  0.1123E+02
 -33.196  0.5479E+02  0.1256E+02
 -33.176  0.1067E+03  0.1378E+02
 -33.156  0.4644E+02  0.1560E+02
 -33.136  0.2622E+02  0.1631E+02
 -33.116  0.2227E+02  0.1679E+02
 -33.096  0.2008E+02  0.1722E+02
 -33.076  0.1883E+02  0.1760E+02
 -33.056  0.1374E+02  0.1796E+02
 -33.036  0.0000E+00  0.1800E+02
 -33.016  0.0000E+00  0.1800E+02
 -32.996  0.0000E+00  0.1800E+02
 -32.976  0.0000E+00  0.1800E+02
 -32.956  0.0000E+00  0.1800E+02
 -32.936  0.0000E+00  0.1800E+02
 -32.916  0.0000E+00  0.1800E+02
 -32.896  0.0000E+00  0.1800E+02
 -32.876  0.0000E+00  0.1800E+02
 -32.856  0.0000E+00  0.1800E+02
 -32.836  0.0000E+00  0.1800E+02
 -32.816  0.0000E+00  0.1800E+02
 -32.796  0.0000E+00  0.1800E+02
 -32.776  0.0000E+00  0.1800E+02
 -32.756  0.0000E+00  0.1800E+02
 -32.736  0.0000E+00  0.1800E+02
 -32.716  0.0000E+00  0.1800E+02
 -32.696  0.0000E+00  0.1800E+02
 -32.676  0.0000E+00  0.1800E+02
 -32.656  0.0000E+00  0.1800E+02
 -32.636  0.0000E+00  0.1800E+02
 -32.616  0.8977E+01  0.1809E+02
 -32.596  0.1022E+02  0.1827E+02
 -32.576  0.1143E+02  0.1848E+02
 -32.556  0.1857E+02  0.1874E+02
 -32.536  0.9538E+01  0.1903E+02
 -32.516  0.5914E+01  0.1918E+02
 -32.496  0.4732E+01  0.1928E+02
 -32.476  0.4711E+01  0.1937E+02
 -32.456  0.5655E+01  0.1948E+02
 -32.436  0.1685E+02  0.1967E+02
 -32.416  0.2352E+02  0.2013E+02
 -32.396  0.3897E+02  0.2057E+02
 -32.376  0.1418E+02  0.2167E+02
 -32.356  0.1095E+02  0.2220E+02
 -32.336  0.1262E+02  0.2242E+02
 -32.316  0.1875E+02  0.2272E+02
 -32.296  0.1477E+02  0.2312E+02
 -32.276  0.1230E+02  0.2339E+02
 -32.256  0.1086E+02  0.2362E+02
 -32.236  0.1049E+02  0.2383E+02
 -32.216  0.0000E+00  0.2400E+02
 -32.196  0.0000E+00  0.2400E+02
 -32.176  0.0000E+00  0.2400E+02
 -32.156  0.0000E+00  0.2400E+02
 -32.136  0.0000E+00  0.2400E+02
 -32.116  0.0000E+00  0.2400E+02
 -32.096  0.0000E+00  0.2400E+02
 -32.076  0.0000E+00  0.2400E+02
 -32.056  0.0000E+00  0.2400E+02
 -32.036  0.0000E+00  0.2400E+02
 -32.016  0.0000E+00  0.2400E+02
 -31.996  0.0000E+00  0.2400E+02
 -31.976  0.0000E+00  0.2400E+02
 -31.956  0.0000E+00  0.2400E+02
 -31.936  0.0000E+00  0.2400E+02
 -31.916  0.0000E+00  0.2400E+02
 -31.896  0.0000E+00  0.2400E+02
 -31.876  0.0000E+00  0.2400E+02
 -31.856  0.0000E+00  0.2400E+02
 -31.836  0.0000E+00  0.2400E+02
 -31.816  0.0000E+00  0.2400E+02
 -31.796  0.0000E+00  0.2400E+02
 -31.776  0.0000E+00  0.2400E+02
 -31.756  0.0000E+00  0.2400E+02
 -31.736  0.0000E+00  0.2400E+02
 -31.716  0.0000E+00  0.2400E+02
 -31.696  0.0000E+00  0.2400E+02
 -31.676  0.0000E+00  0.2400E+02
 -31.656  0.0000E+00  0.2400E+02
 -31.636  0.0000E+00  0.2400E+02
 -31.616  0.0000E+00  0.2400E+02
 -31.596  0.0000E+00  0.2400E+02
 -31.576  0.0000E+00  0.2400E+02
 -31.556  0.0000E+00  0.2400E+02
 -31.536  0.0000E+00  0.2400E+02
 -31.516  0.0000E+00  0.2400E+02
 -31.496  0.0000E+00  0.2400E+02
 -31.476  0.0000E+00  0.2400E+02
 -31.456  0.0000E+00  0.2400E+02
 -31.436  0.0000E+00  0.2400E+02
 -31.416  0.0000E+00  0.2400E+02
 -31.396  0.0000E+00  0.2400E+02
 -31.376  0.0000E+00  0.2400E+02
 -31.356  0.0000E+00  0.2400E+02
 -31.336  0.0000E+00  0.2400E+02
 -31.316  0.0000E+00  0.2400E+02
 -31.296  0.0000E+00  0.2400E+02
 -31.276  0.0000E+00  0.2400E+02
 -31.256  0.0000E+00  0.2400E+02
 -31.236  0.0000E+00  0.2400E+02
 -31.216  0.0000E+00  0.2400E+02
 -31.196  0.0000E+00  0.2400E+02
 -31.176  0.0000E+00  0.2400E+02
 -31.156  0.0000E+00  0.2400E+02
 -31.136  0.0000E+00  0.2400E+02
 -31.116  0.0000E+00  0.2400E+02
 -31.096  0.0000E+00  0.2400E+02
 -31.076  0.0000E+00  0.2400E+02
 -31.056  0.0000E+00  0.2400E+02
 -31.036  0.0000E+00  0.2400E+02
 -31.016  0.0000E+00  0.2400E+02
 -30.996  0.0000E+00  0.2400E+02
 -30.976  0.0000E+00  0.2400E+02
 -30.956  0.0000E+00  0.2400E+02
 -30.936  0.0000E+00  0.2400E+02
 -30.916  0.0000E+00  0.2400E+02
 -30.896  0.0000E+00  0.2400E+02
 -30.876  0.0000E+00  0.2400E+02
 -30.856  0.0000E+00  0.2400E+02
 -30.836  0.0000E+00  0.2400E+02
 -30.816  0.0000E+00  0.2400E+02
 -30.796  0.0000E+00  0.2400E+02
 -30.776  0.0000E+00  0.2400E+02
 -30.756  0.0000E+00  0.2400E+02
 -30.736  0.0000E+00  0.2400E+02
 -30.716  0.0000E+00  0.2400E+02
 -30.696  0.0000E+00  0.2400E+02
 -30.676  0.0000E+00  0.2400E+02
 -30.656  0.0000E+00  0.2400E+02
 -30.636  0.0000E+00  0.2400E+02
 -30.616  0.0000E+00  0.2400E+02
 -30.596  0.0000E+00  0.2400E+02
 -30.576  0.0000E+00  0.2400E+02
 -30.556  0.0000E+00  0.2400E+02
 -30.536  0.0000E+00  0.2400E+02
 -30.516  0.0000E+00  0.2400E+02
 -30.496  0.0000E+00  0.2400E+02
 -30.476  0.0000E+00  0.2400E+02
 -30.456  0.0000E+00  0.2400E+02
 -30.436  0.0000E+00  0.2400E+02
 -30.416  0.0000E+00  0.2400E+02
 -30.396  0.0000E+00  0.2400E+02
 -30.376  0.0000E+00  0.2400E+02
 -30.356  0.0000E+00  0.2400E+02
 -30.336  0.0000E+00  0.2400E+02
 -30.316  0.0000E+00  0.2400E+02
 -30.296  0.0000E+00  0.2400E+02
 -30.276  0.0000E+00  0.2400E+02
 -30.256  0.0000E+00  0.2400E+02
 -30.236  0.0000E+00  0.2400E+02
 -30.216  0.0000E+00  0.2400E+02
 -30.196  0.0000E+00  0.2400E+02
 -30.176  0.0000E+00  0.2400E+02
 -30.156  0.0000E+00  0.2400E+02
 -30.136  0.0000E+00  0.2400E+02
 -30.116  0.0000E+00  0.2400E+02
 -30.096  0.0000E+00  0.2400E+02
 -30.076  0.0000E+00  0.2400E+02
 -30.056  0.0000E+00  0.2400E+02
 -30.036  0.0000E+00  0.2400E+02
 -30.016  0.0000E+00  0.2400E+02
 -29.996  0.0000E+00  0.2400E+02
 -29.976  0.0000E+00  0.2400E+02
 -29.956  0.0000E+00  0.2400E+02
 -29.936  0.0000E+00  0.2400E+02
 -29.916  0.0000E+00  0.2400E+02
 -29.896  0.0000E+00  0.2400E+02
 -29.876  0.0000E+00  0.2400E+02
 -29.856  0.0000E+00  0.2400E+02
 -29.836  0.0000E+00  0.2400E+02
 -29.816  0.0000E+00  0.2400E+02
 -29.796  0.0000E+00  0.2400E+02
 -29.776  0.0000E+00  0.2400E+02
 -29.756  0.0000E+00  0.2400E+02
 -29.736  0.0000E+00  0.2400E+02
 -29.716  0.0000E+00  0.2400E+02
 -29.696  0.0000E+00  0.2400E+02
 -29.676  0.0000E+00  0.2400E+02
 -29.656  0.0000E+00  0.2400E+02
 -29.636  0.0000E+00  0.2400E+02
 -29.616  0.0000E+00  0.2400E+02
 -29.596  0.0000E+00  0.2400E+02
 -29.576  0.0000E+00  0.2400E+02
 -29.556  0.0000E+00  0.2400E+02
 -29.536  0.0000E+00  0.2400E+02
 -29.516  0.0000E+00  0.2400E+02
 -29.496  0.0000E+00  0.2400E+02
 -29.476  0.0000E+00  0.2400E+02
 -29.456  0.0000E+00  0.2400E+02
 -29.436  0.0000E+00  0.2400E+02
 -29.416  0.0000E+00  0.2400E+02
 -29.396  0.0000E+00  0.2400E+02
 -29.376  0.0000E+00  0.2400E+02
 -29.356  0.0000E+00  0.2400E+02
 -29.336  0.0000E+00  0.2400E+02
 -29.316  0.0000E+00  0.2400E+02
 -29.296  0.0000E+00  0.2400E+02
 -29.276  0.0000E+00  0.2400E+02
 -29.256  0.0000E+00  0.2400E+02
 -29.236  0.0000E+00  0.2400E+02
 -29.216  0.0000E+00  0.2400E+02
 -29.196  0.0000E+00  0.2400E+02
 -29.176  0.0000E+00  0.2400E+02
 -29.156  0.0000E+00  0.2400E+02
 -29.136  0.0000E+00  0.2400E+02
 -29.116  0.0000E+00  0.2400E+02
 -29.096  0.0000E+00  0.2400E+02
 -29.076  0.0000E+00  0.2400E+02
 -29.056  0.0000E+00  0.2400E+02
 -29.036  0.0000E+00  0.2400E+02
 -29.016  0.0000E+00  0.2400E+02
 -28.996  0.0000E+00  0.2400E+02
 -28.976  0.0000E+00  0.2400E+02
 -28.956  0.0000E+00  0.2400E+02
 -28.936  0.0000E+00  0.2400E+02
 -28.916  0.0000E+00  0.2400E+02
 -28.896  0.0000E+00  0.2400E+02
 -28.876  0.0000E+00  0.2400E+02
 -28.856  0.0000E+00  0.2400E+02
 -28.836  0.0000E+00  0.2400E+02
 -28.816  0.0000E+00  0.2400E+02
 -28.796  0.0000E+00  0.2400E+02
 -28.776  0.0000E+00  0.2400E+02
 -28.756  0.0000E+00  0.2400E+02
 -28.736  0.0000E+00  0.2400E+02
 -28.716  0.0000E+00  0.2400E+02
 -28.696  0.0000E+00  0.2400E+02
 -28.676  0.0000E+00  0.2400E+02
 -28.656  0.0000E+00  0.2400E+02
 -28.636  0.0000E+00  0.2400E+02
 -28.616  0.0000E+00  0.2400E+02
 -28.596  0.0000E+00  0.2400E+02
 -28.576  0.0000E+00  0.2400E+02
 -28.556  0.0000E+00  0.2400E+02
 -28.536  0.0000E+00  0.2400E+02
 -28.516  0.0000E+00  0.2400E+02
 -28.496  0.0000E+00  0.2400E+02
 -28.476  0.0000E+00  0.2400E+02
 -28.456  0.0000E+00  0.2400E+02
 -28.436  0.0000E+00  0.2400E+02
 -28.416  0.0000E+00  0.2400E+02
 -28.396  0.0000E+00  0.2400E+02
 -28.376  0.0000E+00  0.2400E+02
 -28.356  0.0000E+00  0.2400E+02
 -28.336  0.0000E+00  0.2400E+02
 -28.316  0.0000E+00  0.2400E+02
 -28.296  0.0000E+00  0.2400E+02
 -28.276  0.0000E+00  0.2400E+02
 -28.256  0.0000E+00  0.2400E+02
 -28.236  0.0000E+00  0.2400E+02
 -28.216  0.0000E+00  0.2400E+02
 -28.196  0.0000E+00  0.2400E+02
 -28.176  0.0000E+00  0.2400E+02
 -28.156  0.0000E+00  0.2400E+02
 -28.136  0.0000E+00  0.2400E+02
 -28.116  0.0000E+00  0.2400E+02
 -28.096  0.0000E+00  0.2400E+02
 -28.076  0.0000E+00  0.2400E+02
 -28.056  0.0000E+00  0.2400E+02
 -28.036  0.0000E+00  0.2400E+02
 -28.016  0.0000E+00  0.2400E+02
 -27.996  0.0000E+00  0.2400E+02
 -27.976  0.0000E+00  0.2400E+02
 -27.956  0.0000E+00  0.2400E+02
 -27.936  0.0000E+00  0.2400E+02
 -27.916  0.0000E+00  0.2400E+02
 -27.896  0.0000E+00  0.2400E+02
 -27.876  0.0000E+00  0.2400E+02
 -27.856  0.0000E+00  0.2400E+02
 -27.836  0.0000E+00  0.2400E+02
 -27.816  0.0000E+00  0.2400E+02
 -27.796  0.0000E+00  0.2400E+02
 -27.776  0.0000E+00  0.2400E+02
 -27.756  0.0000E+00  0.2400E+02
 -27.736  0.0000E+00  0.2400E+02
 -27.716  0.0000E+00  0.2400E+02
 -27.696  0.0000E+00  0.2400E+02
 -27.676  0.0000E+00  0.2400E+02
 -27.656  0.0000E+00  0.2400E+02
 -27.636  0.0000E+00  0.2400E+02
 -27.616  0.0000E+00  0.2400E+02
 -27.596  0.0000E+00  0.2400E+02
 -27.576  0.0000E+00  0.2400E+02
 -27.556  0.0000E+00  0.2400E+02
 -27.536  0.0000E+00  0.2400E+02
 -27.516  0.0000E+00  0.2400E+02
 -27.496  0.0000E+00  0.2400E+02
 -27.476  0.0000E+00  0.2400E+02
 -27.456  0.0000E+00  0.2400E+02
 -27.436  0.0000E+00  0.2400E+02
 -27.416  0.0000E+00  0.2400E+02
 -27.396  0.0000E+00  0.2400E+02
 -27.376  0.0000E+00  0.2400E+02
 -27.356  0.0000E+00  0.2400E+02
 -27.336  0.0000E+00  0.2400E+02
 -27.316  0.0000E+00  0.2400E+02
 -27.296  0.0000E+00  0.2400E+02
 -27.276  0.0000E+00  0.2400E+02
 -27.256  0.0000E+00  0.2400E+02
 -27.236  0.0000E+00  0.2400E+02
 -27.216  0.0000E+00  0.2400E+02
 -27.196  0.0000E+00  0.2400E+02
 -27.176  0.0000E+00  0.2400E+02
 -27.156  0.0000E+00  0.2400E+02
 -27.136  0.0000E+00  0.2400E+02
 -27.116  0.0000E+00  0.2400E+02
 -27.096  0.0000E+00  0.2400E+02
 -27.076  0.0000E+00  0.2400E+02
 -27.056  0.0000E+00  0.2400E+02
 -27.036  0.0000E+00  0.2400E+02
 -27.016  0.0000E+00  0.2400E+02
 -26.996  0.0000E+00  0.2400E+02
 -26.976  0.0000E+00  0.2400E+02
 -26.956  0.0000E+00  0.2400E+02
 -26.936  0.0000E+00  0.2400E+02
 -26.916  0.0000E+00  0.2400E+02
 -26.896  0.0000E+00  0.2400E+02
 -26.876  0.0000E+00  0.2400E+02
 -26.856  0.0000E+00  0.2400E+02
 -26.836  0.0000E+00  0.2400E+02
 -26.816  0.0000E+00  0.2400E+02
 -26.796  0.0000E+00  0.2400E+02
 -26.776  0.0000E+00  0.2400E+02
 -26.756  0.0000E+00  0.2400E+02
 -26.736  0.0000E+00  0.2400E+02
 -26.716  0.0000E+00  0.2400E+02
 -26.696  0.0000E+00  0.2400E+02
 -26.676  0.0000E+00  0.2400E+02
 -26.656  0.0000E+00  0.2400E+02
 -26.636  0.0000E+00  0.2400E+02
 -26.616  0.0000E+00  0.2400E+02
 -26.596  0.0000E+00  0.2400E+02
 -26.576  0.0000E+00  0.2400E+02
 -26.556  0.0000E+00  0.2400E+02
 -26.536  0.0000E+00  0.2400E+02
 -26.516  0.0000E+00  0.2400E+02
 -26.496  0.0000E+00  0.2400E+02
 -26.476  0.0000E+00  0.2400E+02
 -26.456  0.0000E+00  0.2400E+02
 -26.436  0.0000E+00  0.2400E+02
 -26.416  0.0000E+00  0.2400E+02
 -26.396  0.0000E+00  0.2400E+02
 -26.376  0.0000E+00  0.2400E+02
 -26.356  0.0000E+00  0.2400E+02
 -26.336  0.0000E+00  0.2400E+02
 -26.316  0.0000E+00  0.2400E+02
 -26.296  0.0000E+00  0.2400E+02
 -26.276  0.0000E+00  0.2400E+02
 -26.256  0.0000E+00  0.2400E+02
 -26.236  0.0000E+00  0.2400E+02
 -26.216  0.0000E+00  0.2400E+02
 -26.196  0.0000E+00  0.2400E+02
 -26.176  0.0000E+00  0.2400E+02
 -26.156  0.0000E+00  0.2400E+02
 -26.136  0.0000E+00  0.2400E+02
 -26.116  0.0000E+00  0.2400E+02
 -26.096  0.0000E+00  0.2400E+02
 -26.076  0.0000E+00  0.2400E+02
 -26.056  0.0000E+00  0.2400E+02
 -26.036  0.0000E+00  0.2400E+02
 -26.016  0.0000E+00  0.2400E+02
 -25.996  0.0000E+00  0.2400E+02
 -25.976  0.0000E+00  0.2400E+02
 -25.956  0.0000E+00  0.2400E+02
 -25.936  0.0000E+00  0.2400E+02
 -25.916  0.0000E+00  0.2400E+02
 -25.896  0.0000E+00  0.2400E+02
 -25.876  0.0000E+00  0.2400E+02
 -25.856  0.0000E+00  0.2400E+02
 -25.836  0.0000E+00  0.2400E+02
 -25.816  0.0000E+00  0.2400E+02
 -25.796  0.0000E+00  0.2400E+02
 -25.776  0.0000E+00  0.2400E+02
 -25.756  0.0000E+00  0.2400E+02
 -25.736  0.0000E+00  0.2400E+02
 -25.716  0.0000E+00  0.2400E+02
 -25.696  0.0000E+00  0.2400E+02
 -25.676  0.0000E+00  0.2400E+02
 -25.656  0.0000E+00  0.2400E+02
 -25.636  0.0000E+00  0.2400E+02
 -25.616  0.0000E+00  0.2400E+02
 -25.596  0.0000E+00  0.2400E+02
 -25.576  0.0000E+00  0.2400E+02
 -25.556  0.0000E+00  0.2400E+02
 -25.536  0.0000E+00  0.2400E+02
 -25.516  0.0000E+00  0.2400E+02
 -25.496  0.0000E+00  0.2400E+02
 -25.476  0.0000E+00  0.2400E+02
 -25.456  0.0000E+00  0.2400E+02
 -25.436  0.0000E+00  0.2400E+02
 -25.416  0.0000E+00  0.2400E+02
 -25.396  0.0000E+00  0.2400E+02
 -25.376  0.0000E+00  0.2400E+02
 -25.356  0.0000E+00  0.2400E+02
 -25.336  0.0000E+00  0.2400E+02
 -25.316  0.0000E+00  0.2400E+02
 -25.296  0.0000E+00  0.2400E+02
 -25.276  0.0000E+00  0.2400E+02
 -25.256  0.0000E+00  0.2400E+02
 -25.236  0.0000E+00  0.2400E+02
 -25.216  0.0000E+00  0.2400E+02
 -25.196  0.0000E+00  0.2400E+02
 -25.176  0.0000E+00  0.2400E+02
 -25.156  0.0000E+00  0.2400E+02
 -25.136  0.0000E+00  0.2400E+02
 -25.116  0.0000E+00  0.2400E+02
 -25.096  0.0000E+00  0.2400E+02
 -25.076  0.0000E+00  0.2400E+02
 -25.056  0.0000E+00  0.2400E+02
 -25.036  0.0000E+00  0.2400E+02
 -25.016  0.0000E+00  0.2400E+02
 -24.996  0.0000E+00  0.2400E+02
 -24.976  0.0000E+00  0.2400E+02
 -24.956  0.0000E+00  0.2400E+02
 -24.936  0.0000E+00  0.2400E+02
 -24.916  0.0000E+00  0.2400E+02
 -24.896  0.0000E+00  0.2400E+02
 -24.876  0.0000E+00  0.2400E+02
 -24.856  0.0000E+00  0.2400E+02
 -24.836  0.0000E+00  0.2400E+02
 -24.816  0.0000E+00  0.2400E+02
 -24.796  0.0000E+00  0.2400E+02
 -24.776  0.0000E+00  0.2400E+02
 -24.756  0.0000E+00  0.2400E+02
 -24.736  0.0000E+00  0.2400E+02
 -24.716  0.0000E+00  0.2400E+02
 -24.696  0.0000E+00  0.2400E+02
 -24.676  0.0000E+00  0.2400E+02
 -24.656  0.0000E+00  0.2400E+02
 -24.636  0.0000E+00  0.2400E+02
 -24.616  0.0000E+00  0.2400E+02
 -24.596  0.0000E+00  0.2400E+02
 -24.576  0.0000E+00  0.2400E+02
 -24.556  0.0000E+00  0.2400E+02
 -24.536  0.0000E+00  0.2400E+02
 -24.516  0.0000E+00  0.2400E+02
 -24.496  0.0000E+00  0.2400E+02
 -24.476  0.0000E+00  0.2400E+02
 -24.456  0.0000E+00  0.2400E+02
 -24.436  0.0000E+00  0.2400E+02
 -24.416  0.0000E+00  0.2400E+02
 -24.396  0.0000E+00  0.2400E+02
 -24.376  0.0000E+00  0.2400E+02
 -24.356  0.0000E+00  0.2400E+02
 -24.336  0.0000E+00  0.2400E+02
 -24.316  0.0000E+00  0.2400E+02
 -24.296  0.0000E+00  0.2400E+02
 -24.276  0.0000E+00  0.2400E+02
 -24.256  0.0000E+00  0.2400E+02
 -24.236  0.0000E+00  0.2400E+02
 -24.216  0.0000E+00  0.2400E+02
 -24.196  0.0000E+00  0.2400E+02
 -24.176  0.0000E+00  0.2400E+02
 -24.156  0.0000E+00  0.2400E+02
 -24.136  0.0000E+00  0.2400E+02
 -24.116  0.0000E+00  0.2400E+02
 -24.096  0.0000E+00  0.2400E+02
 -24.076  0.0000E+00  0.2400E+02
 -24.056  0.0000E+00  0.2400E+02
 -24.036  0.0000E+00  0.2400E+02
 -24.016  0.0000E+00  0.2400E+02
 -23.996  0.0000E+00  0.2400E+02
 -23.976  0.0000E+00  0.2400E+02
 -23.956  0.0000E+00  0.2400E+02
 -23.936  0.0000E+00  0.2400E+02
 -23.916  0.0000E+00  0.2400E+02
 -23.896  0.0000E+00  0.2400E+02
 -23.876  0.0000E+00  0.2400E+02
 -23.856  0.0000E+00  0.2400E+02
 -23.836  0.0000E+00  0.2400E+02
 -23.816  0.0000E+00  0.2400E+02
 -23.796  0.0000E+00  0.2400E+02
 -23.776  0.0000E+00  0.2400E+02
 -23.756  0.0000E+00  0.2400E+02
 -23.736  0.0000E+00  0.2400E+02
 -23.716  0.0000E+00  0.2400E+02
 -23.696  0.0000E+00  0.2400E+02
 -23.676  0.0000E+00  0.2400E+02
 -23.656  0.0000E+00  0.2400E+02
 -23.636  0.0000E+00  0.2400E+02
 -23.616  0.0000E+00  0.2400E+02
 -23.596  0.0000E+00  0.2400E+02
 -23.576  0.0000E+00  0.2400E+02
 -23.556  0.0000E+00  0.2400E+02
 -23.536  0.0000E+00  0.2400E+02
 -23.516  0.0000E+00  0.2400E+02
 -23.496  0.0000E+00  0.2400E+02
 -23.476  0.0000E+00  0.2400E+02
 -23.456  0.0000E+00  0.2400E+02
 -23.436  0.0000E+00  0.2400E+02
 -23.416  0.0000E+00  0.2400E+02
 -23.396  0.0000E+00  0.2400E+02
 -23.376  0.0000E+00  0.2400E+02
 -23.356  0.0000E+00  0.2400E+02
 -23.336  0.0000E+00  0.2400E+02
 -23.316  0.0000E+00  0.2400E+02
 -23.296  0.0000E+00  0.2400E+02
 -23.276  0.0000E+00  0.2400E+02
 -23.256  0.0000E+00  0.2400E+02
 -23.236  0.0000E+00  0.2400E+02
 -23.216  0.0000E+00  0.2400E+02
 -23.196  0.0000E+00  0.2400E+02
 -23.176  0.0000E+00  0.2400E+02
 -23.156  0.0000E+00  0.2400E+02
 -23.136  0.0000E+00  0.2400E+02
 -23.116  0.0000E+00  0.2400E+02
 -23.096  0.0000E+00  0.2400E+02
 -23.076  0.0000E+00  0.2400E+02
 -23.056  0.0000E+00  0.2400E+02
 -23.036  0.0000E+00  0.2400E+02
 -23.016  0.0000E+00  0.2400E+02
 -22.996  0.0000E+00  0.2400E+02
 -22.976  0.0000E+00  0.2400E+02
 -22.956  0.0000E+00  0.2400E+02
 -22.936  0.0000E+00  0.2400E+02
 -22.916  0.0000E+00  0.2400E+02
 -22.896  0.0000E+00  0.2400E+02
 -22.876  0.0000E+00  0.2400E+02
 -22.856  0.0000E+00  0.2400E+02
 -22.836  0.0000E+00  0.2400E+02
 -22.816  0.0000E+00  0.2400E+02
 -22.796  0.0000E+00  0.2400E+02
 -22.776  0.0000E+00  0.2400E+02
 -22.756  0.0000E+00  0.2400E+02
 -22.736  0.0000E+00  0.2400E+02
 -22.716  0.0000E+00  0.2400E+02
 -22.696  0.0000E+00  0.2400E+02
 -22.676  0.0000E+00  0.2400E+02
 -22.656  0.0000E+00  0.2400E+02
 -22.636  0.0000E+00  0.2400E+02
 -22.616  0.0000E+00  0.2400E+02
 -22.596  0.0000E+00  0.2400E+02
 -22.576  0.0000E+00  0.2400E+02
 -22.556  0.0000E+00  0.2400E+02
 -22.536  0.0000E+00  0.2400E+02
 -22.516  0.0000E+00  0.2400E+02
 -22.496  0.0000E+00  0.2400E+02
 -22.476  0.0000E+00  0.2400E+02
 -22.456  0.0000E+00  0.2400E+02
 -22.436  0.0000E+00  0.2400E+02
 -22.416  0.0000E+00  0.2400E+02
 -22.396  0.0000E+00  0.2400E+02
 -22.376  0.0000E+00  0.2400E+02
 -22.356  0.0000E+00  0.2400E+02
 -22.336  0.0000E+00  0.2400E+02
 -22.316  0.0000E+00  0.2400E+02
 -22.296  0.0000E+00  0.2400E+02
 -22.276  0.0000E+00  0.2400E+02
 -22.256  0.0000E+00  0.2400E+02
 -22.236  0.0000E+00  0.2400E+02
 -22.216  0.0000E+00  0.2400E+02
 -22.196  0.0000E+00  0.2400E+02
 -22.176  0.0000E+00  0.2400E+02
 -22.156  0.0000E+00  0.2400E+02
 -22.136  0.0000E+00  0.2400E+02
 -22.116  0.0000E+00  0.2400E+02
 -22.096  0.0000E+00  0.2400E+02
 -22.076  0.0000E+00  0.2400E+02
 -22.056  0.0000E+00  0.2400E+02
 -22.036  0.0000E+00  0.2400E+02
 -22.016  0.0000E+00  0.2400E+02
 -21.996  0.0000E+00  0.2400E+02
 -21.976  0.0000E+00  0.2400E+02
 -21.956  0.0000E+00  0.2400E+02
 -21.936  0.0000E+00  0.2400E+02
 -21.916  0.0000E+00  0.2400E+02
 -21.896  0.0000E+00  0.2400E+02
 -21.876  0.0000E+00  0.2400E+02
 -21.856  0.0000E+00  0.2400E+02
 -21.836  0.0000E+00  0.2400E+02
 -21.816  0.0000E+00  0.2400E+02
 -21.796  0.0000E+00  0.2400E+02
 -21.776  0.0000E+00  0.2400E+02
 -21.756  0.0000E+00  0.2400E+02
 -21.736  0.0000E+00  0.2400E+02
 -21.716  0.0000E+00  0.2400E+02
 -21.696  0.0000E+00  0.2400E+02
 -21.676  0.0000E+00  0.2400E+02
 -21.656  0.0000E+00  0.2400E+02
 -21.636  0.0000E+00  0.2400E+02
 -21.616  0.0000E+00  0.2400E+02
 -21.596  0.0000E+00  0.2400E+02
 -21.576  0.0000E+00  0.2400E+02
 -21.556  0.0000E+00  0.2400E+02
 -21.536  0.0000E+00  0.2400E+02
 -21.516  0.0000E+00  0.2400E+02
 -21.496  0.0000E+00  0.2400E+02
 -21.476  0.0000E+00  0.2400E+02
 -21.456  0.0000E+00  0.2400E+02
 -21.436  0.0000E+00  0.2400E+02
 -21.416  0.0000E+00  0.2400E+02
 -21.396  0.0000E+00  0.2400E+02
 -21.376  0.0000E+00  0.2400E+02
 -21.356  0.0000E+00  0.2400E+02
 -21.336  0.0000E+00  0.2400E+02
 -21.316  0.0000E+00  0.2400E+02
 -21.296  0.0000E+00  0.2400E+02
 -21.276  0.0000E+00  0.2400E+02
 -21.256  0.0000E+00  0.2400E+02
 -21.236  0.0000E+00  0.2400E+02
 -21.216  0.0000E+00  0.2400E+02
 -21.196  0.0000E+00  0.2400E+02
 -21.176  0.0000E+00  0.2400E+02
 -21.156  0.0000E+00  0.2400E+02
 -21.136  0.0000E+00  0.2400E+02
 -21.116  0.0000E+00  0.2400E+02
 -21.096  0.0000E+00  0.2400E+02
 -21.076  0.0000E+00  0.2400E+02
 -21.056  0.0000E+00  0.2400E+02
 -21.036  0.0000E+00  0.2400E+02
 -21.016  0.0000E+00  0.2400E+02
 -20.996  0.0000E+00  0.2400E+02
 -20.976  0.0000E+00  0.2400E+02
 -20.956  0.0000E+00  0.2400E+02
 -20.936  0.0000E+00  0.2400E+02
 -20.916  0.0000E+00  0.2400E+02
 -20.896  0.0000E+00  0.2400E+02
 -20.876  0.0000E+00  0.2400E+02
 -20.856  0.0000E+00  0.2400E+02
 -20.836  0.0000E+00  0.2400E+02
 -20.816  0.0000E+00  0.2400E+02
 -20.796  0.0000E+00  0.2400E+02
 -20.776  0.0000E+00  0.2400E+02
 -20.756  0.0000E+00  0.2400E+02
 -20.736  0.0000E+00  0.2400E+02
 -20.716  0.0000E+00  0.2400E+02
 -20.696  0.0000E+00  0.2400E+02
 -20.676  0.0000E+00  0.2400E+02
 -20.656  0.0000E+00  0.2400E+02
 -20.636  0.0000E+00  0.2400E+02
 -20.616  0.0000E+00  0.2400E+02
 -20.596  0.0000E+00  0.2400E+02
 -20.576  0.0000E+00  0.2400E+02
 -20.556  0.0000E+00  0.2400E+02
 -20.536  0.0000E+00  0.2400E+02
 -20.516  0.0000E+00  0.2400E+02
 -20.496  0.0000E+00  0.2400E+02
 -20.476  0.0000E+00  0.2400E+02
 -20.456  0.0000E+00  0.2400E+02
 -20.436  0.0000E+00  0.2400E+02
 -20.416  0.0000E+00  0.2400E+02
 -20.396  0.0000E+00  0.2400E+02
 -20.376  0.0000E+00  0.2400E+02
 -20.356  0.0000E+00  0.2400E+02
 -20.336  0.0000E+00  0.2400E+02
 -20.316  0.0000E+00  0.2400E+02
 -20.296  0.0000E+00  0.2400E+02
 -20.276  0.0000E+00  0.2400E+02
 -20.256  0.0000E+00  0.2400E+02
 -20.236  0.0000E+00  0.2400E+02
 -20.216  0.0000E+00  0.2400E+02
 -20.196  0.0000E+00  0.2400E+02
 -20.176  0.0000E+00  0.2400E+02
 -20.156  0.0000E+00  0.2400E+02
 -20.136  0.0000E+00  0.2400E+02
 -20.116  0.0000E+00  0.2400E+02
 -20.096  0.0000E+00  0.2400E+02
 -20.076  0.0000E+00  0.2400E+02
 -20.056  0.0000E+00  0.2400E+02
 -20.036  0.0000E+00  0.2400E+02
 -20.016  0.0000E+00  0.2400E+02
 -19.996  0.0000E+00  0.2400E+02
 -19.976  0.0000E+00  0.2400E+02
 -19.956  0.0000E+00  0.2400E+02
 -19.936  0.0000E+00  0.2400E+02
 -19.916  0.0000E+00  0.2400E+02
 -19.896  0.0000E+00  0.2400E+02
 -19.876  0.0000E+00  0.2400E+02
 -19.856  0.0000E+00  0.2400E+02
 -19.836  0.0000E+00  0.2400E+02
 -19.816  0.0000E+00  0.2400E+02
 -19.796  0.0000E+00  0.2400E+02
 -19.776  0.0000E+00  0.2400E+02
 -19.756  0.0000E+00  0.2400E+02
 -19.736  0.0000E+00  0.2400E+02
 -19.716  0.0000E+00  0.2400E+02
 -19.696  0.0000E+00  0.2400E+02
 -19.676  0.0000E+00  0.2400E+02
 -19.656  0.0000E+00  0.2400E+02
 -19.636  0.0000E+00  0.2400E+02
 -19.616  0.0000E+00  0.2400E+02
 -19.596  0.0000E+00  0.2400E+02
 -19.576  0.0000E+00  0.2400E+02
 -19.556  0.0000E+00  0.2400E+02
 -19.536  0.0000E+00  0.2400E+02
 -19.516  0.0000E+00  0.2400E+02
 -19.496  0.0000E+00  0.2400E+02
 -19.476  0.0000E+00  0.2400E+02
 -19.456  0.0000E+00  0.2400E+02
 -19.436  0.0000E+00  0.2400E+02
 -19.416  0.0000E+00  0.2400E+02
 -19.396  0.0000E+00  0.2400E+02
 -19.376  0.0000E+00  0.2400E+02
 -19.356  0.0000E+00  0.2400E+02
 -19.336  0.0000E+00  0.2400E+02
 -19.316  0.0000E+00  0.2400E+02
 -19.296  0.0000E+00  0.2400E+02
 -19.276  0.0000E+00  0.2400E+02
 -19.256  0.0000E+00  0.2400E+02
 -19.236  0.0000E+00  0.2400E+02
 -19.216  0.0000E+00  0.2400E+02
 -19.196  0.0000E+00  0.2400E+02
 -19.176  0.0000E+00  0.2400E+02
 -19.156  0.0000E+00  0.2400E+02
 -19.136  0.0000E+00  0.2400E+02
 -19.116  0.0000E+00  0.2400E+02
 -19.096  0.0000E+00  0.2400E+02
 -19.076  0.0000E+00  0.2400E+02
 -19.056  0.0000E+00  0.2400E+02
 -19.036  0.0000E+00  0.2400E+02
 -19.016  0.0000E+00  0.2400E+02
 -18.996  0.0000E+00  0.2400E+02
 -18.976  0.0000E+00  0.2400E+02
 -18.956  0.0000E+00  0.2400E+02
 -18.936  0.0000E+00  0.2400E+02
 -18.916  0.0000E+00  0.2400E+02
 -18.896  0.0000E+00  0.2400E+02
 -18.876  0.0000E+00  0.2400E+02
 -18.856  0.0000E+00  0.2400E+02
 -18.836  0.0000E+00  0.2400E+02
 -18.816  0.0000E+00  0.2400E+02
 -18.796  0.0000E+00  0.2400E+02
 -18.776  0.0000E+00  0.2400E+02
 -18.756  0.0000E+00  0.2400E+02
 -18.736  0.0000E+00  0.2400E+02
 -18.716  0.0000E+00  0.2400E+02
 -18.696  0.0000E+00  0.2400E+02
 -18.676  0.0000E+00  0.2400E+02
 -18.656  0.0000E+00  0.2400E+02
 -18.636  0.0000E+00  0.2400E+02
 -18.616  0.0000E+00  0.2400E+02
 -18.596  0.0000E+00  0.2400E+02
 -18.576  0.0000E+00  0.2400E+02
 -18.556  0.0000E+00  0.2400E+02
 -18.536  0.0000E+00  0.2400E+02
 -18.516  0.0000E+00  0.2400E+02
 -18.496  0.0000E+00  0.2400E+02
 -18.476  0.0000E+00  0.2400E+02
 -18.456  0.0000E+00  0.2400E+02
 -18.436  0.0000E+00  0.2400E+02
 -18.416  0.0000E+00  0.2400E+02
 -18.396  0.0000E+00  0.2400E+02
 -18.376  0.0000E+00  0.2400E+02
 -18.356  0.0000E+00  0.2400E+02
 -18.336  0.0000E+00  0.2400E+02
 -18.316  0.0000E+00  0.2400E+02
 -18.296  0.0000E+00  0.2400E+02
 -18.276  0.0000E+00  0.2400E+02
 -18.256  0.0000E+00  0.2400E+02
 -18.236  0.0000E+00  0.2400E+02
 -18.216  0.0000E+00  0.2400E+02
 -18.196  0.1483E+01  0.2401E+02
 -18.176  0.2727E+01  0.2406E+02
 -18.156  0.2625E+01  0.2411E+02
 -18.136  0.3079E+01  0.2417E+02
 -18.116  0.2892E+01  0.2423E+02
 -18.096  0.3353E+01  0.2429E+02
 -18.076  0.3257E+01  0.2436E+02
 -18.056  0.3491E+01  0.2442E+02
 -18.036  0.3618E+01  0.2450E+02
 -18.016  0.3821E+01  0.2457E+02
 -17.996  0.4121E+01  0.2465E+02
 -17.976  0.4282E+01  0.2473E+02
 -17.956  0.4606E+01  0.2482E+02
 -17.936  0.4974E+01  0.2492E+02
 -17.916  0.5283E+01  0.2502E+02
 -17.896  0.5769E+01  0.2513E+02
 -17.876  0.6295E+01  0.2525E+02
 -17.856  0.6862E+01  0.2538E+02
 -17.836  0.7695E+01  0.2553E+02
 -17.816  0.8878E+01  0.2569E+02
 -17.796  0.1015E+02  0.2588E+02
 -17.776  0.1251E+02  0.2611E+02
 -17.756  0.1550E+02  0.2638E+02
 -17.736  0.2888E+02  0.2679E+02
 -17.716  0.1895E+02  0.2731E+02
 -17.696  0.1607E+02  0.2766E+02
 -17.676  0.1109E+02  0.2795E+02
 -17.656  0.0000E+00  0.2800E+02
 -17.636  0.0000E+00  0.2800E+02
 -17.616  0.0000E+00  0.2800E+02
 -17.596  0.0000E+00  0.2800E+02
 -17.576  0.0000E+00  0.2800E+02
 -17.556  0.0000E+00  0.2800E+02
 -17.536  0.0000E+00  0.2800E+02
 -17.516  0.0000E+00  0.2800E+02
 -17.496  0.0000E+00  0.2800E+02
 -17.476  0.0000E+00  0.2800E+02
 -17.456  0.0000E+00  0.2800E+02
 -17.436  0.0000E+00  0.2800E+02
 -17.416  0.0000E+00  0.2800E+02
 -17.396  0.0000E+00  0.2800E+02
 -17.376  0.0000E+00  0.2800E+02
 -17.356  0.0000E+00  0.2800E+02
 -17.336  0.0000E+00  0.2800E+02
 -17.316  0.0000E+00  0.2800E+02
 -17.296  0.0000E+00  0.2800E+02
 -17.276  0.0000E+00  0.2800E+02
 -17.256  0.0000E+00  0.2800E+02
 -17.236  0.0000E+00  0.2800E+02
 -17.216  0.0000E+00  0.2800E+02
 -17.196  0.0000E+00  0.2800E+02
 -17.176  0.0000E+00  0.2800E+02
 -17.156  0.0000E+00  0.2800E+02
 -17.136  0.0000E+00  0.2800E+02
 -17.116  0.0000E+00  0.2800E+02
 -17.096  0.0000E+00  0.2800E+02
 -17.076  0.0000E+00  0.2800E+02
 -17.056  0.0000E+00  0.2800E+02
 -17.036  0.0000E+00  0.2800E+02
 -17.016  0.0000E+00  0.2800E+02
 -16.996  0.0000E+00  0.2800E+02
 -16.976  0.0000E+00  0.2800E+02
 -16.956  0.0000E+00  0.2800E+02
 -16.936  0.0000E+00  0.2800E+02
 -16.916  0.0000E+00  0.2800E+02
 -16.896  0.0000E+00  0.2800E+02
 -16.876  0.0000E+00  0.2800E+02
 -16.856  0.0000E+00  0.2800E+02
 -16.836  0.0000E+00  0.2800E+02
 -16.816  0.0000E+00  0.2800E+02
 -16.796  0.0000E+00  0.2800E+02
 -16.776  0.0000E+00  0.2800E+02
 -16.756  0.0000E+00  0.2800E+02
 -16.736  0.0000E+00  0.2800E+02
 -16.716  0.0000E+00  0.2800E+02
 -16.696  0.0000E+00  0.2800E+02
 -16.676  0.0000E+00  0.2800E+02
 -16.656  0.0000E+00  0.2800E+02
 -16.636  0.0000E+00  0.2800E+02
 -16.616  0.0000E+00  0.2800E+02
 -16.596  0.0000E+00  0.2800E+02
 -16.576  0.0000E+00  0.2800E+02
 -16.556  0.0000E+00  0.2800E+02
 -16.536  0.0000E+00  0.2800E+02
 -16.516  0.0000E+00  0.2800E+02
 -16.496  0.0000E+00  0.2800E+02
 -16.476  0.0000E+00  0.2800E+02
 -16.456  0.0000E+00  0.2800E+02
 -16.436  0.0000E+00  0.2800E+02
 -16.416  0.0000E+00  0.2800E+02
 -16.396  0.0000E+00  0.2800E+02
 -16.376  0.0000E+00  0.2800E+02
 -16.356  0.0000E+00  0.2800E+02
 -16.336  0.0000E+00  0.2800E+02
 -16.316  0.0000E+00  0.2800E+02
 -16.296  0.0000E+00  0.2800E+02
 -16.276  0.0000E+00  0.2800E+02
 -16.256  0.0000E+00  0.2800E+02
 -16.236  0.0000E+00  0.2800E+02
 -16.216  0.0000E+00  0.2800E+02
 -16.196  0.0000E+00  0.2800E+02
 -16.176  0.0000E+00  0.2800E+02
 -16.156  0.0000E+00  0.2800E+02
 -16.136  0.0000E+00  0.2800E+02
 -16.116  0.0000E+00  0.2800E+02
 -16.096  0.0000E+00  0.2800E+02
 -16.076  0.0000E+00  0.2800E+02
 -16.056  0.0000E+00  0.2800E+02
 -16.036  0.0000E+00  0.2800E+02
 -16.016  0.0000E+00  0.2800E+02
 -15.996  0.0000E+00  0.2800E+02
 -15.976  0.0000E+00  0.2800E+02
 -15.956  0.0000E+00  0.2800E+02
 -15.936  0.0000E+00  0.2800E+02
 -15.916  0.0000E+00  0.2800E+02
 -15.896  0.0000E+00  0.2800E+02
 -15.876  0.0000E+00  0.2800E+02
 -15.856  0.0000E+00  0.2800E+02
 -15.836  0.0000E+00  0.2800E+02
 -15.816  0.0000E+00  0.2800E+02
 -15.796  0.0000E+00  0.2800E+02
 -15.776  0.0000E+00  0.2800E+02
 -15.756  0.0000E+00  0.2800E+02
 -15.736  0.0000E+00  0.2800E+02
 -15.716  0.0000E+00  0.2800E+02
 -15.696  0.0000E+00  0.2800E+02
 -15.676  0.0000E+00  0.2800E+02
 -15.656  0.0000E+00  0.2800E+02
 -15.636  0.0000E+00  0.2800E+02
 -15.616  0.0000E+00  0.2800E+02
 -15.596  0.0000E+00  0.2800E+02
 -15.576  0.0000E+00  0.2800E+02
 -15.556  0.0000E+00  0.2800E+02
 -15.536  0.0000E+00  0.2800E+02
 -15.516  0.0000E+00  0.2800E+02
 -15.496  0.0000E+00  0.2800E+02
 -15.476  0.0000E+00  0.2800E+02
 -15.456  0.0000E+00  0.2800E+02
 -15.436  0.0000E+00  0.2800E+02
 -15.416  0.0000E+00  0.2800E+02
 -15.396  0.0000E+00  0.2800E+02
 -15.376  0.0000E+00  0.2800E+02
 -15.356  0.0000E+00  0.2800E+02
 -15.336  0.0000E+00  0.2800E+02
 -15.316  0.0000E+00  0.2800E+02
 -15.296  0.0000E+00  0.2800E+02
 -15.276  0.0000E+00  0.2800E+02
 -15.256  0.0000E+00  0.2800E+02
 -15.236  0.0000E+00  0.2800E+02
 -15.216  0.0000E+00  0.2800E+02
 -15.196  0.0000E+00  0.2800E+02
 -15.176  0.0000E+00  0.2800E+02
 -15.156  0.0000E+00  0.2800E+02
 -15.136  0.0000E+00  0.2800E+02
 -15.116  0.0000E+00  0.2800E+02
 -15.096  0.0000E+00  0.2800E+02
 -15.076  0.0000E+00  0.2800E+02
 -15.056  0.0000E+00  0.2800E+02
 -15.036  0.0000E+00  0.2800E+02
 -15.016  0.0000E+00  0.2800E+02
 -14.996  0.0000E+00  0.2800E+02
 -14.976  0.0000E+00  0.2800E+02
 -14.956  0.0000E+00  0.2800E+02
 -14.936  0.0000E+00  0.2800E+02
 -14.916  0.0000E+00  0.2800E+02
 -14.896  0.0000E+00  0.2800E+02
 -14.876  0.0000E+00  0.2800E+02
 -14.856  0.0000E+00  0.2800E+02
 -14.836  0.0000E+00  0.2800E+02
 -14.816  0.0000E+00  0.2800E+02
 -14.796  0.0000E+00  0.2800E+02
 -14.776  0.0000E+00  0.2800E+02
 -14.756  0.0000E+00  0.2800E+02
 -14.736  0.0000E+00  0.2800E+02
 -14.716  0.0000E+00  0.2800E+02
 -14.696  0.0000E+00  0.2800E+02
 -14.676  0.0000E+00  0.2800E+02
 -14.656  0.0000E+00  0.2800E+02
 -14.636  0.0000E+00  0.2800E+02
 -14.616  0.0000E+00  0.2800E+02
 -14.596  0.0000E+00  0.2800E+02
 -14.576  0.0000E+00  0.2800E+02
 -14.556  0.0000E+00  0.2800E+02
 -14.536  0.0000E+00  0.2800E+02
 -14.516  0.0000E+00  0.2800E+02
 -14.496  0.0000E+00  0.2800E+02
 -14.476  0.0000E+00  0.2800E+02
 -14.456  0.0000E+00  0.2800E+02
 -14.436  0.0000E+00  0.2800E+02
 -14.416  0.0000E+00  0.2800E+02
 -14.396  0.0000E+00  0.2800E+02
 -14.376  0.0000E+00  0.2800E+02
 -14.356  0.0000E+00  0.2800E+02
 -14.336  0.0000E+00  0.2800E+02
 -14.316  0.0000E+00  0.2800E+02
 -14.296  0.0000E+00  0.2800E+02
 -14.276  0.0000E+00  0.2800E+02
 -14.256  0.0000E+00  0.2800E+02
 -14.236  0.0000E+00  0.2800E+02
 -14.216  0.0000E+00  0.2800E+02
 -14.196  0.0000E+00  0.2800E+02
 -14.176  0.0000E+00  0.2800E+02
 -14.156  0.0000E+00  0.2800E+02
 -14.136  0.0000E+00  0.2800E+02
 -14.116  0.0000E+00  0.2800E+02
 -14.096  0.0000E+00  0.2800E+02
 -14.076  0.0000E+00  0.2800E+02
 -14.056  0.0000E+00  0.2800E+02
 -14.036  0.0000E+00  0.2800E+02
 -14.016  0.0000E+00  0.2800E+02
 -13.996  0.0000E+00  0.2800E+02
 -13.976  0.0000E+00  0.2800E+02
 -13.956  0.0000E+00  0.2800E+02
 -13.936  0.0000E+00  0.2800E+02
 -13.916  0.0000E+00  0.2800E+02
 -13.896  0.0000E+00  0.2800E+02
 -13.876  0.0000E+00  0.2800E+02
 -13.856  0.0000E+00  0.2800E+02
 -13.836  0.0000E+00  0.2800E+02
 -13.816  0.0000E+00  0.2800E+02
 -13.796  0.0000E+00  0.2800E+02
 -13.776  0.0000E+00  0.2800E+02
 -13.756  0.0000E+00  0.2800E+02
 -13.736  0.0000E+00  0.2800E+02
 -13.716  0.0000E+00  0.2800E+02
 -13.696  0.0000E+00  0.2800E+02
 -13.676  0.0000E+00  0.2800E+02
 -13.656  0.0000E+00  0.2800E+02
 -13.636  0.0000E+00  0.2800E+02
 -13.616  0.0000E+00  0.2800E+02
 -13.596  0.0000E+00  0.2800E+02
 -13.576  0.0000E+00  0.2800E+02
 -13.556  0.0000E+00  0.2800E+02
 -13.536  0.0000E+00  0.2800E+02
 -13.516  0.0000E+00  0.2800E+02
 -13.496  0.0000E+00  0.2800E+02
 -13.476  0.0000E+00  0.2800E+02
 -13.456  0.0000E+00  0.2800E+02
 -13.436  0.0000E+00  0.2800E+02
 -13.416  0.0000E+00  0.2800E+02
 -13.396  0.0000E+00  0.2800E+02
 -13.376  0.0000E+00  0.2800E+02
 -13.356  0.0000E+00  0.2800E+02
 -13.336  0.0000E+00  0.2800E+02
 -13.316  0.0000E+00  0.2800E+02
 -13.296  0.0000E+00  0.2800E+02
 -13.276  0.0000E+00  0.2800E+02
 -13.256  0.0000E+00  0.2800E+02
 -13.236  0.0000E+00  0.2800E+02
 -13.216  0.0000E+00  0.2800E+02
 -13.196  0.0000E+00  0.2800E+02
 -13.176  0.0000E+00  0.2800E+02
 -13.156  0.0000E+00  0.2800E+02
 -13.136  0.0000E+00  0.2800E+02
 -13.116  0.0000E+00  0.2800E+02
 -13.096  0.0000E+00  0.2800E+02
 -13.076  0.0000E+00  0.2800E+02
 -13.056  0.0000E+00  0.2800E+02
 -13.036  0.0000E+00  0.2800E+02
 -13.016  0.0000E+00  0.2800E+02
 -12.996  0.0000E+00  0.2800E+02
 -12.976  0.0000E+00  0.2800E+02
 -12.956  0.0000E+00  0.2800E+02
 -12.936  0.0000E+00  0.2800E+02
 -12.916  0.0000E+00  0.2800E+02
 -12.896  0.0000E+00  0.2800E+02
 -12.876  0.0000E+00  0.2800E+02
 -12.856  0.0000E+00  0.2800E+02
 -12.836  0.0000E+00  0.2800E+02
 -12.816  0.0000E+00  0.2800E+02
 -12.796  0.0000E+00  0.2800E+02
 -12.776  0.0000E+00  0.2800E+02
 -12.756  0.0000E+00  0.2800E+02
 -12.736  0.0000E+00  0.2800E+02
 -12.716  0.0000E+00  0.2800E+02
 -12.696  0.0000E+00  0.2800E+02
 -12.676  0.0000E+00  0.2800E+02
 -12.656  0.0000E+00  0.2800E+02
 -12.636  0.0000E+00  0.2800E+02
 -12.616  0.0000E+00  0.2800E+02
 -12.596  0.0000E+00  0.2800E+02
 -12.576  0.0000E+00  0.2800E+02
 -12.556  0.0000E+00  0.2800E+02
 -12.536  0.0000E+00  0.2800E+02
 -12.516  0.0000E+00  0.2800E+02
 -12.496  0.0000E+00  0.2800E+02
 -12.476  0.0000E+00  0.2800E+02
 -12.456  0.0000E+00  0.2800E+02
 -12.436  0.0000E+00  0.2800E+02
 -12.416  0.0000E+00  0.2800E+02
 -12.396  0.0000E+00  0.2800E+02
 -12.376  0.0000E+00  0.2800E+02
 -12.356  0.0000E+00  0.2800E+02
 -12.336  0.0000E+00  0.2800E+02
 -12.316  0.0000E+00  0.2800E+02
 -12.296  0.0000E+00  0.2800E+02
 -12.276  0.0000E+00  0.2800E+02
 -12.256  0.0000E+00  0.2800E+02
 -12.236  0.0000E+00  0.2800E+02
 -12.216  0.0000E+00  0.2800E+02
 -12.196  0.0000E+00  0.2800E+02
 -12.176  0.0000E+00  0.2800E+02
 -12.156  0.0000E+00  0.2800E+02
 -12.136  0.0000E+00  0.2800E+02
 -12.116  0.0000E+00  0.2800E+02
 -12.096  0.0000E+00  0.2800E+02
 -12.076  0.0000E+00  0.2800E+02
 -12.056  0.0000E+00  0.2800E+02
 -12.036  0.0000E+00  0.2800E+02
 -12.016  0.0000E+00  0.2800E+02
 -11.996  0.0000E+00  0.2800E+02
 -11.976  0.0000E+00  0.2800E+02
 -11.956  0.0000E+00  0.2800E+02
 -11.936  0.0000E+00  0.2800E+02
 -11.916  0.0000E+00  0.2800E+02
 -11.896  0.0000E+00  0.2800E+02
 -11.876  0.0000E+00  0.2800E+02
 -11.856  0.0000E+00  0.2800E+02
 -11.836  0.0000E+00  0.2800E+02
 -11.816  0.0000E+00  0.2800E+02
 -11.796  0.0000E+00  0.2800E+02
 -11.776  0.0000E+00  0.2800E+02
 -11.756  0.0000E+00  0.2800E+02
 -11.736  0.0000E+00  0.2800E+02
 -11.716  0.0000E+00  0.2800E+02
 -11.696  0.0000E+00  0.2800E+02
 -11.676  0.0000E+00  0.2800E+02
 -11.656  0.0000E+00  0.2800E+02
 -11.636  0.0000E+00  0.2800E+02
 -11.616  0.0000E+00  0.2800E+02
 -11.596  0.0000E+00  0.2800E+02
 -11.576  0.0000E+00  0.2800E+02
 -11.556  0.0000E+00  0.2800E+02
 -11.536  0.0000E+00  0.2800E+02
 -11.516  0.0000E+00  0.2800E+02
 -11.496  0.0000E+00  0.2800E+02
 -11.476  0.0000E+00  0.2800E+02
 -11.456  0.0000E+00  0.2800E+02
 -11.436  0.0000E+00  0.2800E+02
 -11.416  0.0000E+00  0.2800E+02
 -11.396  0.0000E+00  0.2800E+02
 -11.376  0.0000E+00  0.2800E+02
 -11.356  0.0000E+00  0.2800E+02
 -11.336  0.3394E+00  0.2800E+02
 -11.316  0.4027E+00  0.2801E+02
 -11.296  0.4670E+00  0.2802E+02
 -11.276  0.6412E+00  0.2803E+02
 -11.256  0.4565E+00  0.2804E+02
 -11.236  0.4534E+00  0.2805E+02
 -11.216  0.4892E+00  0.2806E+02
 -11.196  0.5249E+00  0.2807E+02
 -11.176  0.5184E+00  0.2808E+02
 -11.156  0.4981E+00  0.2809E+02
 -11.136  0.4777E+00  0.2810E+02
 -11.116  0.4794E+00  0.2811E+02
 -11.096  0.5033E+00  0.2812E+02
 -11.076  0.5272E+00  0.2813E+02
 -11.056  0.5511E+00  0.2814E+02
 -11.036  0.5101E+00  0.2815E+02
 -11.016  0.5068E+00  0.2816E+02
 -10.996  0.5062E+00  0.2817E+02
 -10.976  0.5056E+00  0.2818E+02
 -10.956  0.5050E+00  0.2820E+02
 -10.936  0.5211E+00  0.2821E+02
 -10.916  0.5393E+00  0.2822E+02
 -10.896  0.5574E+00  0.2823E+02
 -10.876  0.5379E+00  0.2824E+02
 -10.856  0.5237E+00  0.2825E+02
 -10.836  0.5094E+00  0.2826E+02
 -10.816  0.5286E+00  0.2827E+02
 -10.796  0.5326E+00  0.2828E+02
 -10.776  0.5365E+00  0.2829E+02
 -10.756  0.5405E+00  0.2830E+02
 -10.736  0.5476E+00  0.2831E+02
 -10.716  0.5629E+00  0.2832E+02
 -10.696  0.5783E+00  0.2833E+02
 -10.676  0.5617E+00  0.2835E+02
 -10.656  0.5539E+00  0.2836E+02
 -10.636  0.5505E+00  0.2837E+02
 -10.616  0.5470E+00  0.2838E+02
 -10.596  0.5611E+00  0.2839E+02
 -10.576  0.5667E+00  0.2840E+02
 -10.556  0.5724E+00  0.2841E+02
 -10.536  0.5781E+00  0.2842E+02
 -10.516  0.5837E+00  0.2844E+02
 -10.496  0.5899E+00  0.2845E+02
 -10.476  0.6044E+00  0.2846E+02
 -10.456  0.5952E+00  0.2847E+02
 -10.436  0.5943E+00  0.2848E+02
 -10.416  0.5946E+00  0.2850E+02
 -10.396  0.5955E+00  0.2851E+02
 -10.376  0.5964E+00  0.2852E+02
 -10.356  0.5973E+00  0.2853E+02
 -10.336  0.6151E+00  0.2854E+02
 -10.316  0.6223E+00  0.2856E+02
 -10.296  0.6296E+00  0.2857E+02
 -10.276  0.6368E+00  0.2858E+02
 -10.256  0.6440E+00  0.2859E+02
 -10.236  0.6512E+00  0.2861E+02
 -10.216  0.6470E+00  0.2862E+02
 -10.196  0.6538E+00  0.2863E+02
 -10.176  0.6607E+00  0.2865E+02
 -10.156  0.6661E+00  0.2866E+02
 -10.136  0.6704E+00  0.2867E+02
 -10.116  0.6747E+00  0.2869E+02
 -10.096  0.6789E+00  0.2870E+02
 -10.076  0.7015E+00  0.2871E+02
 -10.056  0.7121E+00  0.2873E+02
 -10.036  0.7228E+00  0.2874E+02
 -10.016  0.7334E+00  0.2876E+02
  -9.996  0.7440E+00  0.2877E+02
  -9.976  0.7483E+00  0.2879E+02
  -9.956  0.7627E+00  0.2880E+02
  -9.936  0.7803E+00  0.2882E+02
  -9.916  0.7978E+00  0.2883E+02
  -9.896  0.8111E+00  0.2885E+02
  -9.876  0.8219E+00  0.2887E+02
  -9.856  0.8328E+00  0.2888E+02
  -9.836  0.8731E+00  0.2890E+02
  -9.816  0.8939E+00  0.2892E+02
  -9.796  0.9146E+00  0.2893E+02
  -9.776  0.9354E+00  0.2895E+02
  -9.756  0.9561E+00  0.2897E+02
  -9.736  0.9989E+00  0.2899E+02
  -9.716  0.1063E+01  0.2901E+02
  -9.696  0.1118E+01  0.2903E+02
  -9.676  0.5927E+01  0.2915E+02
  -9.656  0.4888E+01  0.2925E+02
  -9.636  0.4568E+01  0.2935E+02
  -9.616  0.4431E+01  0.2944E+02
  -9.596  0.4176E+01  0.2953E+02
  -9.576  0.4261E+01  0.2961E+02
  -9.556  0.4188E+01  0.2970E+02
  -9.536  0.4640E+01  0.2978E+02
  -9.516  0.5053E+01  0.2988E+02
  -9.496  0.5737E+01  0.2999E+02
  -9.476  0.4614E+01  0.3009E+02
  -9.456  0.4303E+01  0.3018E+02
  -9.436  0.3883E+01  0.3026E+02
  -9.416  0.3723E+01  0.3034E+02
  -9.396  0.3619E+01  0.3041E+02
  -9.376  0.3482E+01  0.3048E+02
  -9.356  0.3301E+01  0.3055E+02
  -9.336  0.3234E+01  0.3061E+02
  -9.316  0.3174E+01  0.3068E+02
  -9.296  0.3183E+01  0.3074E+02
  -9.276  0.3044E+01  0.3080E+02
  -9.256  0.2923E+01  0.3086E+02
  -9.236  0.2864E+01  0.3092E+02
  -9.216  0.2852E+01  0.3098E+02
  -9.196  0.2760E+01  0.3103E+02
  -9.176  0.2934E+01  0.3109E+02
  -9.156  0.2690E+01  0.3115E+02
  -9.136  0.2636E+01  0.3120E+02
  -9.116  0.2721E+01  0.3125E+02
  -9.096  0.2695E+01  0.3131E+02
  -9.076  0.2590E+01  0.3136E+02
  -9.056  0.2521E+01  0.3141E+02
  -9.036  0.2386E+01  0.3147E+02
  -9.016  0.2340E+01  0.3151E+02
  -8.996  0.2698E+01  0.3156E+02
  -8.976  0.3195E+01  0.3162E+02
  -8.956  0.3371E+01  0.3171E+02
  -8.936  0.3367E+01  0.3178E+02
  -8.916  0.3946E+01  0.3185E+02
  -8.896  0.3427E+01  0.3192E+02
  -8.876  0.2205E+01  0.3198E+02
  -8.856  0.0000E+00  0.3200E+02
  -8.836  0.0000E+00  0.3200E+02
  -8.816  0.0000E+00  0.3200E+02
  -8.796  0.0000E+00  0.3200E+02
  -8.776  0.0000E+00  0.3200E+02
  -8.756  0.0000E+00  0.3200E+02
  -8.736  0.0000E+00  0.3200E+02
  -8.716  0.0000E+00  0.3200E+02
  -8.696  0.0000E+00  0.3200E+02
  -8.676  0.0000E+00  0.3200E+02
  -8.656  0.0000E+00  0.3200E+02
  -8.636  0.0000E+00  0.3200E+02
  -8.616  0.0000E+00  0.3200E+02
  -8.596  0.0000E+00  0.3200E+02
  -8.576  0.0000E+00  0.3200E+02
  -8.556  0.0000E+00  0.3200E+02
  -8.536  0.0000E+00  0.3200E+02
  -8.516  0.0000E+00  0.3200E+02
  -8.496  0.0000E+00  0.3200E+02
  -8.476  0.0000E+00  0.3200E+02
  -8.456  0.0000E+00  0.3200E+02
  -8.436  0.0000E+00  0.3200E+02
  -8.416  0.0000E+00  0.3200E+02
  -8.396  0.0000E+00  0.3200E+02
  -8.376  0.0000E+00  0.3200E+02
  -8.356  0.0000E+00  0.3200E+02
  -8.336  0.0000E+00  0.3200E+02
  -8.316  0.0000E+00  0.3200E+02
  -8.296  0.0000E+00  0.3200E+02
  -8.276  0.0000E+00  0.3200E+02
  -8.256  0.0000E+00  0.3200E+02
  -8.236  0.0000E+00  0.3200E+02
  -8.216  0.0000E+00  0.3200E+02
  -8.196  0.0000E+00  0.3200E+02
  -8.176  0.0000E+00  0.3200E+02
  -8.156  0.0000E+00  0.3200E+02
  -8.136  0.0000E+00  0.3200E+02
  -8.116  0.0000E+00  0.3200E+02
  -8.096  0.0000E+00  0.3200E+02
  -8.076  0.0000E+00  0.3200E+02
  -8.056  0.0000E+00  0.3200E+02
  -8.036  0.0000E+00  0.3200E+02
  -8.016  0.0000E+00  0.3200E+02
  -7.996  0.0000E+00  0.3200E+02
  -7.976  0.0000E+00  0.3200E+02
  -7.956  0.0000E+00  0.3200E+02
  -7.936  0.0000E+00  0.3200E+02
  -7.916  0.0000E+00  0.3200E+02
  -7.896  0.0000E+00  0.3200E+02
  -7.876  0.0000E+00  0.3200E+02
  -7.856  0.0000E+00  0.3200E+02
  -7.836  0.0000E+00  0.3200E+02
  -7.816  0.0000E+00  0.3200E+02
  -7.796  0.0000E+00  0.3200E+02
  -7.776  0.0000E+00  0.3200E+02
  -7.756  0.0000E+00  0.3200E+02
  -7.736  0.0000E+00  0.3200E+02
  -7.716  0.0000E+00  0.3200E+02
  -7.696  0.0000E+00  0.3200E+02
  -7.676  0.0000E+00  0.3200E+02
  -7.656  0.0000E+00  0.3200E+02
  -7.636  0.0000E+00  0.3200E+02
  -7.616  0.0000E+00  0.3200E+02
  -7.596  0.0000E+00  0.3200E+02
  -7.576  0.0000E+00  0.3200E+02
  -7.556  0.0000E+00  0.3200E+02
  -7.536  0.0000E+00  0.3200E+02
  -7.516  0.0000E+00  0.3200E+02
  -7.496  0.0000E+00  0.3200E+02
  -7.476  0.0000E+00  0.3200E+02
  -7.456  0.0000E+00  0.3200E+02
  -7.436  0.0000E+00  0.3200E+02
  -7.416  0.0000E+00  0.3200E+02
  -7.396  0.0000E+00  0.3200E+02
  -7.376  0.0000E+00  0.3200E+02
  -7.356  0.0000E+00  0.3200E+02
  -7.336  0.0000E+00  0.3200E+02
  -7.316  0.0000E+00  0.3200E+02
  -7.296  0.0000E+00  0.3200E+02
  -7.276  0.0000E+00  0.3200E+02
  -7.256  0.0000E+00  0.3200E+02
  -7.236  0.0000E+00  0.3200E+02
  -7.216  0.0000E+00  0.3200E+02
  -7.196  0.0000E+00  0.3200E+02
  -7.176  0.0000E+00  0.3200E+02
  -7.156  0.0000E+00  0.3200E+02
  -7.136  0.0000E+00  0.3200E+02
  -7.116  0.0000E+00  0.3200E+02
  -7.096  0.0000E+00  0.3200E+02
  -7.076  0.0000E+00  0.3200E+02
  -7.056  0.0000E+00  0.3200E+02
  -7.036  0.0000E+00  0.3200E+02
  -7.016  0.0000E+00  0.3200E+02
  -6.996  0.0000E+00  0.3200E+02
  -6.976  0.0000E+00  0.3200E+02
  -6.956  0.0000E+00  0.3200E+02
  -6.936  0.0000E+00  0.3200E+02
  -6.916  0.0000E+00  0.3200E+02
  -6.896  0.0000E+00  0.3200E+02
  -6.876  0.0000E+00  0.3200E+02
  -6.856  0.0000E+00  0.3200E+02
  -6.836  0.0000E+00  0.3200E+02
  -6.816  0.0000E+00  0.3200E+02
  -6.796  0.0000E+00  0.3200E+02
  -6.776  0.0000E+00  0.3200E+02
  -6.756  0.0000E+00  0.3200E+02
  -6.736  0.0000E+00  0.3200E+02
  -6.716  0.0000E+00  0.3200E+02
  -6.696  0.0000E+00  0.3200E+02
  -6.676  0.0000E+00  0.3200E+02
  -6.656  0.0000E+00  0.3200E+02
  -6.636  0.0000E+00  0.3200E+02
  -6.616  0.0000E+00  0.3200E+02
  -6.596  0.0000E+00  0.3200E+02
  -6.576  0.0000E+00  0.3200E+02
  -6.556  0.0000E+00  0.3200E+02
  -6.536  0.0000E+00  0.3200E+02
  -6.516  0.0000E+00  0.3200E+02
  -6.496  0.0000E+00  0.3200E+02
  -6.476  0.0000E+00  0.3200E+02
  -6.456  0.0000E+00  0.3200E+02
  -6.436  0.0000E+00  0.3200E+02
  -6.416  0.0000E+00  0.3200E+02
  -6.396  0.0000E+00  0.3200E+02
  -6.376  0.0000E+00  0.3200E+02
  -6.356  0.0000E+00  0.3200E+02
  -6.336  0.0000E+00  0.3200E+02
  -6.316  0.0000E+00  0.3200E+02
  -6.296  0.0000E+00  0.3200E+02
  -6.276  0.0000E+00  0.3200E+02
  -6.256  0.0000E+00  0.3200E+02
  -6.236  0.0000E+00  0.3200E+02
  -6.216  0.0000E+00  0.3200E+02
  -6.196  0.0000E+00  0.3200E+02
  -6.176  0.0000E+00  0.3200E+02
  -6.156  0.0000E+00  0.3200E+02
  -6.136  0.0000E+00  0.3200E+02
  -6.116  0.0000E+00  0.3200E+02
  -6.096  0.0000E+00  0.3200E+02
  -6.076  0.0000E+00  0.3200E+02
  -6.056  0.0000E+00  0.3200E+02
  -6.036  0.0000E+00  0.3200E+02
  -6.016  0.0000E+00  0.3200E+02
  -5.996  0.0000E+00  0.3200E+02
  -5.976  0.0000E+00  0.3200E+02
  -5.956  0.0000E+00  0.3200E+02
  -5.936  0.0000E+00  0.3200E+02
  -5.916  0.0000E+00  0.3200E+02
  -5.896  0.0000E+00  0.3200E+02
  -5.876  0.0000E+00  0.3200E+02
  -5.856  0.0000E+00  0.3200E+02
  -5.836  0.0000E+00  0.3200E+02
  -5.816  0.0000E+00  0.3200E+02
  -5.796  0.0000E+00  0.3200E+02
  -5.776  0.0000E+00  0.3200E+02
  -5.756  0.0000E+00  0.3200E+02
  -5.736  0.0000E+00  0.3200E+02
  -5.716  0.0000E+00  0.3200E+02
  -5.696  0.0000E+00  0.3200E+02
  -5.676  0.2076E+00  0.3200E+02
  -5.656  0.4522E+00  0.3201E+02
  -5.636  0.1028E+01  0.3202E+02
  -5.616  0.6244E+00  0.3204E+02
  -5.596  0.6841E+00  0.3205E+02
  -5.576  0.7403E+00  0.3207E+02
  -5.556  0.7923E+00  0.3208E+02
  -5.536  0.8443E+00  0.3210E+02
  -5.516  0.8963E+00  0.3212E+02
  -5.496  0.8034E+00  0.3213E+02
  -5.476  0.8477E+00  0.3215E+02
  -5.456  0.8920E+00  0.3217E+02
  -5.436  0.8143E+00  0.3219E+02
  -5.416  0.8495E+00  0.3220E+02
  -5.396  0.8939E+00  0.3222E+02
  -5.376  0.9382E+00  0.3224E+02
  -5.356  0.9826E+00  0.3226E+02
  -5.336  0.1027E+01  0.3228E+02
  -5.316  0.9966E+00  0.3230E+02
  -5.296  0.1363E+01  0.3232E+02
  -5.276  0.1559E+01  0.3235E+02
  -5.256  0.1634E+01  0.3239E+02
  -5.236  0.1824E+01  0.3242E+02
  -5.216  0.2183E+01  0.3246E+02
  -5.196  0.3515E+01  0.3252E+02
  -5.176  0.3224E+01  0.3258E+02
  -5.156  0.3584E+01  0.3265E+02
  -5.136  0.3492E+01  0.3272E+02
  -5.116  0.3639E+01  0.3280E+02
  -5.096  0.3925E+01  0.3287E+02
  -5.076  0.4070E+01  0.3295E+02
  -5.056  0.4406E+01  0.3304E+02
  -5.036  0.4581E+01  0.3313E+02
  -5.016  0.4881E+01  0.3322E+02
  -4.996  0.5604E+01  0.3332E+02
  -4.976  0.6125E+01  0.3344E+02
  -4.956  0.6936E+01  0.3357E+02
  -4.936  0.8846E+01  0.3375E+02
  -4.916  0.7656E+01  0.3392E+02
  -4.896  0.7399E+01  0.3407E+02
  -4.876  0.7771E+01  0.3422E+02
  -4.856  0.8228E+01  0.3438E+02
  -4.836  0.9113E+01  0.3456E+02
  -4.816  0.1009E+02  0.3476E+02
  -4.796  0.7743E+01  0.3494E+02
  -4.776  0.5625E+01  0.3508E+02
  -4.756  0.4315E+01  0.3518E+02
  -4.736  0.3461E+01  0.3527E+02
  -4.716  0.2263E+01  0.3533E+02
  -4.696  0.2145E+01  0.3537E+02
  -4.676  0.2027E+01  0.3541E+02
  -4.656  0.2160E+01  0.3545E+02
  -4.636  0.2087E+01  0.3550E+02
  -4.616  0.2132E+01  0.3554E+02
  -4.596  0.2305E+01  0.3558E+02
  -4.576  0.2301E+01  0.3563E+02
  -4.556  0.2518E+01  0.3568E+02
  -4.536  0.2425E+01  0.3573E+02
  -4.516  0.2383E+01  0.3577E+02
  -4.496  0.3620E+01  0.3583E+02
  -4.476  0.7052E+01  0.3592E+02
  -4.456  0.8792E+01  0.3609E+02
  -4.436  0.8112E+01  0.3626E+02
  -4.416  0.5358E+01  0.3640E+02
  -4.396  0.4716E+01  0.3650E+02
  -4.376  0.4159E+01  0.3658E+02
  -4.356  0.3745E+01  0.3667E+02
  -4.336  0.3116E+01  0.3674E+02
  -4.316  0.3134E+01  0.3680E+02
  -4.296  0.3313E+01  0.3686E+02
  -4.276  0.3132E+01  0.3693E+02
  -4.256  0.3267E+01  0.3699E+02
  -4.236  0.3742E+01  0.3706E+02
  -4.216  0.3839E+01  0.3714E+02
  -4.196  0.5199E+01  0.3723E+02
  -4.176  0.5964E+01  0.3734E+02
  -4.156  0.6645E+01  0.3746E+02
  -4.136  0.6775E+01  0.3760E+02
  -4.116  0.8138E+01  0.3775E+02
  -4.096  0.1082E+02  0.3793E+02
  -4.076  0.1420E+02  0.3823E+02
  -4.056  0.1667E+02  0.3850E+02
  -4.036  0.2591E+02  0.3894E+02
  -4.016  0.1783E+02  0.3937E+02
  -3.996  0.1262E+02  0.3965E+02
  -3.976  0.1038E+02  0.3988E+02
  -3.956  0.9249E+01  0.4007E+02
  -3.936  0.9130E+01  0.4025E+02
  -3.916  0.8868E+01  0.4044E+02
  -3.896  0.1037E+02  0.4063E+02
  -3.876  0.1489E+02  0.4089E+02
  -3.856  0.1393E+02  0.4117E+02
  -3.836  0.9490E+01  0.4140E+02
  -3.816  0.9291E+01  0.4158E+02
  -3.796  0.8929E+01  0.4177E+02
  -3.776  0.6737E+01  0.4193E+02
  -3.756  0.7677E+01  0.4208E+02
  -3.736  0.9550E+01  0.4224E+02
  -3.716  0.9061E+01  0.4243E+02
  -3.696  0.8817E+01  0.4261E+02
  -3.676  0.8038E+01  0.4279E+02
  -3.656  0.8316E+01  0.4296E+02
  -3.636  0.8536E+01  0.4313E+02
  -3.616  0.1139E+02  0.4332E+02
  -3.596  0.7188E+01  0.4351E+02
  -3.576  0.6242E+01  0.4365E+02
  -3.556  0.8580E+01  0.4377E+02
  -3.536  0.3410E+01  0.4386E+02
  -3.516  0.2954E+01  0.4392E+02
  -3.496  0.1598E+01  0.4398E+02
  -3.476  0.1086E+01  0.4400E+02
  -3.456  0.8941E+00  0.4402E+02
  -3.436  0.9932E+00  0.4404E+02
  -3.416  0.1092E+01  0.4406E+02
  -3.396  0.1191E+01  0.4408E+02
  -3.376  0.1708E+01  0.4411E+02
  -3.356  0.1997E+01  0.4415E+02
  -3.336  0.2134E+01  0.4419E+02
  -3.316  0.2409E+01  0.4424E+02
  -3.296  0.3359E+01  0.4429E+02
  -3.276  0.3654E+01  0.4436E+02
  -3.256  0.4610E+01  0.4444E+02
  -3.236  0.7706E+01  0.4456E+02
  -3.216  0.8492E+01  0.4476E+02
  -3.196  0.5686E+01  0.4490E+02
  -3.176  0.3719E+01  0.4499E+02
  -3.156  0.3300E+01  0.4506E+02
  -3.136  0.3154E+01  0.4512E+02
  -3.116  0.2087E+01  0.4518E+02
  -3.096  0.2033E+01  0.4522E+02
  -3.076  0.2073E+01  0.4526E+02
  -3.056  0.2210E+01  0.4530E+02
  -3.036  0.3510E+01  0.4536E+02
  -3.016  0.4065E+01  0.4545E+02
  -2.996  0.4700E+01  0.4555E+02
  -2.976  0.3985E+01  0.4563E+02
  -2.956  0.4378E+01  0.4571E+02
  -2.936  0.4748E+01  0.4581E+02
  -2.916  0.6662E+01  0.4592E+02
  -2.896  0.3933E+01  0.4605E+02
  -2.876  0.3367E+01  0.4612E+02
  -2.856  0.3197E+01  0.4619E+02
  -2.836  0.3112E+01  0.4625E+02
  -2.816  0.3070E+01  0.4631E+02
  -2.796  0.3074E+01  0.4637E+02
  -2.776  0.3078E+01  0.4644E+02
  -2.756  0.3076E+01  0.4650E+02
  -2.736  0.3144E+01  0.4656E+02
  -2.716  0.3171E+01  0.4662E+02
  -2.696  0.3105E+01  0.4669E+02
  -2.676  0.3014E+01  0.4675E+02
  -2.656  0.3042E+01  0.4681E+02
  -2.636  0.3712E+01  0.4687E+02
  -2.616  0.3541E+01  0.4696E+02
  -2.596  0.3229E+01  0.4702E+02
  -2.576  0.3195E+01  0.4709E+02
  -2.556  0.3660E+01  0.4715E+02
  -2.536  0.3026E+01  0.4722E+02
  -2.516  0.3435E+01  0.4728E+02
  -2.496  0.4050E+01  0.4735E+02
  -2.476  0.4743E+01  0.4745E+02
  -2.456  0.5306E+01  0.4756E+02
  -2.436  0.4552E+01  0.4766E+02
  -2.416  0.3835E+01  0.4774E+02
  -2.396  0.3594E+01  0.4782E+02
  -2.376  0.3340E+01  0.4789E+02
  -2.356  0.3359E+01  0.4795E+02
  -2.336  0.4323E+01  0.4803E+02
  -2.316  0.4790E+01  0.4813E+02
  -2.296  0.4006E+01  0.4822E+02
  -2.276  0.3792E+01  0.4829E+02
  -2.256  0.3684E+01  0.4837E+02
  -2.236  0.3815E+01  0.4844E+02
  -2.216  0.4082E+01  0.4852E+02
  -2.196  0.4132E+01  0.4860E+02
  -2.176  0.3942E+01  0.4868E+02
  -2.156  0.4439E+01  0.4877E+02
  -2.136  0.5560E+01  0.4888E+02
  -2.116  0.5221E+01  0.4899E+02
  -2.096  0.4616E+01  0.4909E+02
  -2.076  0.4647E+01  0.4919E+02
  -2.056  0.5072E+01  0.4928E+02
  -2.036  0.6261E+01  0.4940E+02
  -2.016  0.5849E+01  0.4952E+02
  -1.996  0.6394E+01  0.4964E+02
  -1.976  0.5012E+01  0.4975E+02
  -1.956  0.4423E+01  0.4985E+02
  -1.936  0.4627E+01  0.4994E+02
  -1.916  0.4686E+01  0.5003E+02
  -1.896  0.4705E+01  0.5013E+02
  -1.876  0.4738E+01  0.5022E+02
  -1.856  0.4737E+01  0.5032E+02
  -1.836  0.4822E+01  0.5041E+02
  -1.816  0.5012E+01  0.5051E+02
  -1.796  0.6189E+01  0.5062E+02
  -1.776  0.6420E+01  0.5075E+02
  -1.756  0.5673E+01  0.5088E+02
  -1.736  0.5413E+01  0.5098E+02
  -1.716  0.5087E+01  0.5109E+02
  -1.696  0.4790E+01  0.5118E+02
  -1.676  0.4898E+01  0.5128E+02
  -1.656  0.4879E+01  0.5138E+02
  -1.636  0.5239E+01  0.5148E+02
  -1.616  0.6597E+01  0.5162E+02
  -1.596  0.6233E+01  0.5172E+02
  -1.576  0.4689E+01  0.5184E+02
  -1.556  0.4466E+01  0.5193E+02
  -1.536  0.4329E+01  0.5202E+02
  -1.516  0.4472E+01  0.5211E+02
  -1.496  0.4189E+01  0.5219E+02
  -1.476  0.3758E+01  0.5227E+02
  -1.456  0.3636E+01  0.5235E+02
  -1.436  0.3503E+01  0.5242E+02
  -1.416  0.3436E+01  0.5249E+02
  -1.396  0.3996E+01  0.5256E+02
  -1.376  0.3781E+01  0.5264E+02
  -1.356  0.4817E+01  0.5272E+02
  -1.336  0.1892E+02  0.5281E+02
  -1.316  0.2132E+01  0.5289E+02
  -1.296  0.2113E+01  0.5293E+02
  -1.276  0.2206E+01  0.5297E+02
  -1.256  0.2077E+01  0.5302E+02
  -1.236  0.2117E+01  0.5306E+02
  -1.216  0.2160E+01  0.5310E+02
  -1.196  0.2217E+01  0.5315E+02
  -1.176  0.2248E+01  0.5319E+02
  -1.156  0.2280E+01  0.5324E+02
  -1.136  0.2311E+01  0.5328E+02
  -1.116  0.2278E+01  0.5333E+02
  -1.096  0.2302E+01  0.5338E+02
  -1.076  0.2348E+01  0.5342E+02
  -1.056  0.2423E+01  0.5347E+02
  -1.036  0.2503E+01  0.5352E+02
  -1.016  0.2520E+01  0.5357E+02
  -0.996  0.2545E+01  0.5362E+02
  -0.976  0.2790E+01  0.5367E+02
  -0.956  0.3076E+01  0.5373E+02
  -0.936  0.3192E+01  0.5379E+02
  -0.916  0.3220E+01  0.5386E+02
  -0.896  0.3186E+01  0.5392E+02
  -0.876  0.3232E+01  0.5399E+02
  -0.856  0.3319E+01  0.5405E+02
  -0.836  0.3888E+01  0.5412E+02
  -0.816  0.4546E+01  0.5421E+02
  -0.796  0.4202E+01  0.5430E+02
  -0.776  0.3692E+01  0.5438E+02
  -0.756  0.3244E+01  0.5445E+02
  -0.736  0.3757E+01  0.5451E+02
  -0.716  0.3119E+01  0.5458E+02
  -0.696  0.3590E+01  0.5465E+02
  -0.676  0.2431E+01  0.5471E+02
  -0.656  0.2095E+01  0.5475E+02
  -0.636  0.2365E+01  0.5480E+02
  -0.616  0.2581E+01  0.5484E+02
  -0.596  0.2579E+01  0.5490E+02
  -0.576  0.2644E+01  0.5495E+02
  -0.556  0.2623E+01  0.5500E+02
  -0.536  0.2544E+01  0.5505E+02
  -0.516  0.2465E+01  0.5510E+02
  -0.496  0.2205E+01  0.5515E+02
  -0.476  0.1825E+01  0.5519E+02
  -0.456  0.1525E+01  0.5522E+02
  -0.436  0.1402E+01  0.5525E+02
  -0.416  0.1280E+01  0.5528E+02
  -0.396  0.1164E+01  0.5531E+02
  -0.376  0.1136E+01  0.5533E+02
  -0.356  0.9252E+00  0.5535E+02
  -0.336  0.9085E+00  0.5537E+02
  -0.316  0.8950E+00  0.5539E+02
  -0.296  0.8825E+00  0.5540E+02
  -0.276  0.8701E+00  0.5542E+02
  -0.256  0.8577E+00  0.5544E+02
  -0.236  0.8026E+00  0.5545E+02
  -0.216  0.7975E+00  0.5547E+02
  -0.196  0.7924E+00  0.5549E+02
  -0.176  0.7929E+00  0.5550E+02
  -0.156  0.7932E+00  0.5552E+02
  -0.136  0.7700E+00  0.5553E+02
  -0.116  0.7353E+00  0.5555E+02
  -0.096  0.7192E+00  0.5557E+02
  -0.076  0.7066E+00  0.5558E+02
  -0.056  0.6985E+00  0.5560E+02
  -0.036  0.6904E+00  0.5561E+02
  -0.016  0.6823E+00  0.5562E+02
   0.004  0.6742E+00  0.5564E+02
   0.024  0.6661E+00  0.5565E+02
   0.044  0.6580E+00  0.5566E+02
   0.064  0.6670E+00  0.5568E+02
   0.084  0.6826E+00  0.5569E+02
   0.104  0.6844E+00  0.5570E+02
   0.124  0.6654E+00  0.5572E+02
   0.144  0.6632E+00  0.5573E+02
   0.164  0.7442E+00  0.5574E+02
   0.184  0.6777E+00  0.5576E+02
   0.204  0.6734E+00  0.5577E+02
   0.224  0.6721E+00  0.5579E+02
   0.244  0.6708E+00  0.5580E+02
   0.264  0.6695E+00  0.5581E+02
   0.284  0.6201E+00  0.5583E+02
   0.304  0.6113E+00  0.5584E+02
   0.324  0.6025E+00  0.5585E+02
   0.344  0.5937E+00  0.5586E+02
   0.364  0.1580E+01  0.5588E+02
   0.384  0.2993E+00  0.5590E+02
   0.404  0.2871E+00  0.5591E+02
   0.424  0.3644E+00  0.5591E+02
   0.444  0.5190E+00  0.5592E+02
   0.464  0.6301E+00  0.5593E+02
   0.484  0.7600E+00  0.5595E+02
   0.504  0.8909E+00  0.5596E+02
   0.524  0.9131E+00  0.5598E+02
   0.544  0.1031E+01  0.5600E+02
   0.564  0.1149E+01  0.5602E+02
   0.584  0.1267E+01  0.5605E+02
   0.604  0.1244E+01  0.5607E+02
   0.624  0.1193E+01  0.5610E+02
   0.644  0.1129E+01  0.5612E+02
   0.664  0.1151E+01  0.5614E+02
   0.684  0.1078E+01  0.5617E+02
   0.704  0.1159E+01  0.5619E+02
   0.724  0.1212E+01  0.5621E+02
   0.744  0.1247E+01  0.5624E+02
   0.764  0.1128E+01  0.5626E+02
   0.784  0.1158E+01  0.5629E+02
   0.804  0.1188E+01  0.5631E+02
   0.824  0.1259E+01  0.5633E+02
   0.844  0.1413E+01  0.5636E+02
   0.864  0.1228E+01  0.5639E+02
   0.884  0.1256E+01  0.5641E+02
   0.904  0.1284E+01  0.5644E+02
   0.924  0.1309E+01  0.5647E+02
   0.944  0.1331E+01  0.5649E+02
   0.964  0.1560E+01  0.5652E+02
   0.984  0.1394E+01  0.5655E+02
   1.004  0.1432E+01  0.5658E+02
   1.024  0.1470E+01  0.5661E+02
   1.044  0.1503E+01  0.5664E+02
   1.064  0.1536E+01  0.5667E+02
   1.084  0.1570E+01  0.5670E+02
   1.104  0.1676E+01  0.5673E+02
   1.124  0.1761E+01  0.5677E+02
   1.144  0.1835E+01  0.5680E+02
   1.164  0.1912E+01  0.5684E+02
   1.184  0.1989E+01  0.5688E+02
   1.204  0.2543E+01  0.5692E+02
   1.224  0.2742E+01  0.5698E+02
   1.244  0.3116E+01  0.5703E+02
   1.264  0.2868E+01  0.5709E+02
   1.284  0.2608E+01  0.5715E+02
   1.304  0.2510E+01  0.5720E+02
   1.324  0.2433E+01  0.5725E+02
   1.344  0.2254E+01  0.5730E+02
   1.364  0.1889E+01  0.5733E+02
   1.384  0.1904E+01  0.5737E+02
   1.404  0.1848E+01  0.5741E+02
   1.424  0.1661E+01  0.5744E+02
   1.444  0.1473E+01  0.5748E+02
   1.464  0.2320E+01  0.5751E+02
   1.484  0.1191E+01  0.5754E+02
   1.504  0.1210E+01  0.5756E+02
   1.524  0.1180E+01  0.5758E+02
   1.544  0.1149E+01  0.5761E+02
   1.564  0.1118E+01  0.5763E+02
   1.584  0.1299E+01  0.5766E+02
   1.604  0.1376E+01  0.5768E+02
   1.624  0.1453E+01  0.5771E+02
   1.644  0.2991E+01  0.5775E+02
   1.664  0.5522E+01  0.5785E+02
   1.684  0.3885E+01  0.5795E+02
   1.704  0.4267E+01  0.5801E+02
   1.724  0.5842E+01  0.5812E+02
   1.744  0.5732E+01  0.5824E+02
   1.764  0.5253E+01  0.5835E+02
   1.784  0.6162E+01  0.5846E+02
   1.804  0.6178E+01  0.5858E+02
   1.824  0.6657E+01  0.5871E+02
   1.844  0.7418E+01  0.5885E+02
   1.864  0.1147E+02  0.5902E+02
   1.884  0.1077E+02  0.5926E+02
   1.904  0.6465E+01  0.5944E+02
   1.924  0.4668E+01  0.5955E+02
   1.944  0.4227E+01  0.5964E+02
   1.964  0.5101E+01  0.5973E+02
   1.984  0.5020E+01  0.5984E+02
   2.004  0.4762E+01  0.5993E+02
   2.024  0.4389E+01  0.6003E+02
   2.044  0.3703E+01  0.6012E+02
   2.064  0.3363E+01  0.6019E+02
   2.084  0.3168E+01  0.6027E+02
   2.104  0.2885E+01  0.6033E+02
   2.124  0.2712E+01  0.6038E+02
   2.144  0.2527E+01  0.6044E+02
   2.164  0.2410E+01  0.6049E+02
   2.184  0.2411E+01  0.6054E+02
   2.204  0.1544E+01  0.6057E+02
   2.224  0.1548E+01  0.6060E+02
   2.244  0.1662E+01  0.6064E+02
   2.264  0.1715E+01  0.6067E+02
   2.284  0.1768E+01  0.6070E+02
   2.304  0.1818E+01  0.6074E+02
   2.324  0.2012E+01  0.6078E+02
   2.344  0.2316E+01  0.6082E+02
   2.364  0.2798E+01  0.6087E+02
   2.384  0.3079E+01  0.6095E+02
   2.404  0.3316E+01  0.6101E+02
   2.424  0.3645E+01  0.6108E+02
   2.444  0.4305E+01  0.6116E+02
   2.464  0.4968E+01  0.6125E+02
   2.484  0.5458E+01  0.6136E+02
   2.504  0.6575E+01  0.6147E+02
   2.524  0.8257E+01  0.6162E+02
   2.544  0.2315E+02  0.6194E+02
   2.564  0.1551E+02  0.6229E+02
   2.584  0.1776E+02  0.6264E+02
   2.604  0.1180E+02  0.6295E+02
   2.624  0.9668E+01  0.6316E+02
   2.644  0.8438E+01  0.6334E+02
   2.664  0.9284E+01  0.6352E+02
   2.684  0.1007E+02  0.6371E+02
   2.704  0.8682E+01  0.6392E+02
   2.724  0.7365E+01  0.6407E+02
   2.744  0.5646E+01  0.6420E+02
   2.764  0.5173E+01  0.6430E+02
   2.784  0.8316E+01  0.6444E+02
   2.804  0.1193E+02  0.6464E+02
   2.824  0.1851E+02  0.6496E+02
   2.844  0.1619E+02  0.6529E+02
   2.864  0.1364E+02  0.6558E+02
   2.884  0.9136E+01  0.6583E+02
   2.904  0.5480E+01  0.6596E+02
   2.924  0.3384E+01  0.6606E+02
   2.944  0.2198E+01  0.6611E+02
   2.964  0.2041E+01  0.6616E+02
   2.984  0.2118E+01  0.6620E+02
   3.004  0.2142E+01  0.6624E+02
   3.024  0.2019E+01  0.6628E+02
   3.044  0.2013E+01  0.6633E+02
   3.064  0.1320E+01  0.6636E+02
   3.084  0.1503E+01  0.6639E+02
   3.104  0.1687E+01  0.6642E+02
   3.124  0.2675E+01  0.6646E+02
   3.144  0.3762E+01  0.6653E+02
   3.164  0.2318E+02  0.6677E+02
   3.184  0.1643E+02  0.6720E+02
   3.204  0.9556E+01  0.6747E+02
   3.224  0.4937E+01  0.6763E+02
   3.244  0.3660E+01  0.6771E+02
   3.264  0.3383E+01  0.6778E+02
   3.284  0.3039E+01  0.6785E+02
   3.304  0.3135E+01  0.6791E+02
   3.324  0.2682E+01  0.6797E+02
