   -0.19498369
    0.97012415
   -0.54795692
   -0.54670831
   -0.14239321
    0.00984768
   -0.25460826
    0.00890440
    0.10656879
   -0.06711622
   -0.06527879
    0.10524704
   -0.01978045
   -0.02132971
   -0.09530459
    0.14542467
   -0.17428832
    0.07111007
   -0.05532608
   -0.04956035
    0.12679629
   -0.28546927
    0.08231404
   -0.00088655
   -0.03973204
   -0.03349370
   -0.04920261
    0.16400024
   -0.19908239
    0.07821280
   -0.12730379
    0.07525387
   -0.15667256
   -0.06641718
   -0.25219454
    0.15235887
   -0.19435985
    0.09492263
   -0.20700140
    0.07907527
    0.07826168
    0.09848129
    0.09443236
    0.06704630
    0.06841996
    0.01463497
    0.14142556
    0.02299730
    0.05748588
    0.04142181
    0.03931165
    0.04853773
    0.04128262
    0.18117453
    0.04770817
    0.06326065
    0.03906825
    0.06302378
    0.05480242
    0.05849243
    0.07202719
    0.06449927
    0.05681497
    0.06167918
