   -0.20141964
    0.98678341
   -0.55783988
   -0.55798289
   -0.14814012
    0.00235406
   -0.26581176
   -0.00310903
    0.09850420
   -0.07369550
   -0.07345799
    0.10156231
   -0.02564525
   -0.01791141
   -0.11625880
    0.14298460
   -0.14718849
    0.07092914
   -0.05762845
   -0.05408928
    0.12369275
   -0.29296169
    0.08295315
    0.00466334
   -0.03320514
   -0.03296507
   -0.05127222
    0.16377809
   -0.20195171
    0.06551122
   -0.14920217
    0.07591475
   -0.15292624
   -0.07313959
   -0.23130602
    0.14602079
   -0.18664245
    0.07968071
   -0.21233510
    0.09341702
    0.08529559
    0.09569667
    0.07669939
    0.08555868
    0.03289586
    0.06338178
    0.15505570
    0.05296373
    0.06369875
    0.04265176
    0.03436621
    0.05665117
    0.03014024
    0.17822373
    0.07044057
    0.06186795
    0.05408251
    0.05081747
    0.08086259
    0.06106657
    0.07147617
    0.05733395
    0.06452124
    0.06696663
    1.05041224
    1.55227308
    1.04940808
    1.38105617
    1.12346443
    1.02816164
    0.88230564
    1.34955153
    1.00932852
    1.09913869
    1.19096647
    1.02723318
   -0.25877954
   -0.25490231
   -0.01879407
   -0.20876071
   -0.22389790
   -0.34567134
   -0.40303431
   -0.84877369
   -0.88137090
   -0.95686543
   -1.00661065
   -0.91385383
   -0.82427403
   -0.79786662
   -0.63529773
   -0.86438635
   -0.79984550
   -0.94603782
   -0.96932404
   -0.81724867
   -0.78108277
