           1           2  0.766582848725990     
           2           3   1.45399790575348     
           2           4   1.63503682628204     
           1           5  0.104801472746547     
           2           5  0.742742945734443     
           5           6   1.01669957755336     
           6           7   1.00851641662487     
           7           8  0.983237743468050     
           8           9   1.00226326738974     
           9          10   1.55492586353463     
          10          11   1.29534156119529     
           9          12  0.126692411158789     
          11          12   1.51246646189447     
          12          13   1.04683197546396     
          13          14   1.20158035280159     
          14          15   1.18096010681089     
          15          16   1.15995397342713     
          16          17  0.984701819371219     
          17          18   1.12912619262838     
          18          19   1.34573815421763     
          19          20   1.44111573733038     
          20          21   1.37467031959444     
          21          22   1.04924353262632     
          22          23  0.980790914947199     
          23          24   1.00591899396933     
          24          25   1.41272219431096     
          25          26   1.43697377649816     
          24          27  0.103441302401690     
          26          27   1.43728361071116     
          27          28   1.39232382254254     
          28          29  0.972296166734245     
          24          30   1.37059398395019     
          28          30   1.36399234589727     
          30          31  0.985153363106190     
          21          32   1.30733672977454     
          32          33  0.979322400648595     
          18          34   1.32015574010545     
          32          34   1.45064274236301     
          16          35   1.30916182159702     
          35          36   1.40118136985036     
          36          37   1.22325696675162     
          13          38   1.29888003141411     
          37          38   1.21627713810403     
           9          39   1.07761354540117     
          12          39   1.08333243561947     
           1          40  0.968876903946538     
           1          41  0.903163317736369     
           1          42  0.960870201287145     
           5          43  0.887479056897879     
           5          44  0.963222186429834     
           6          45  0.951060872250149     
           6          46  0.964064167558659     
           7          47  0.863668629186661     
           8          48  0.961479916585227     
           8          49  0.909627054200696     
          10          50  0.968104685199795     
          11          51  0.966427806160067     
          14          52  0.922587523701484     
          15          53  0.894160996709306     
          17          54  0.908880353101711     
          19          55  0.962041449939771     
          20          56  0.963926664582134     
          23          57  0.949986260273481     
          23          58  0.948481114068819     
          25          59  0.959799459500920     
          26          60  0.968056969079677     
          27          61  0.964291961070887     
          34          62  0.961014143610867     
          36          63  0.898212695749959     
          38          64  0.883034448085505     
          65          66  0.189862844227533     
           3          67  0.112762602316502     
          66          67  0.227611510537297     
          65          68  0.100438186461439     
          36          69  0.118519404004770     
          37          69  0.407573475282696     
          38          69  0.143323026095664     
          13          70  0.117310104737638     
          14          70  0.280322753874791     
          15          70  0.375021697903490     
          16          70  0.194932125226174     
          68          70  0.136087440530810     
           3          71  0.207964415795331     
          65          71  0.324403919597709     
          67          71  0.104733851904880     
          71          72  0.229168672197291     
          67          73  0.253637711912654     
          72          73  0.218118953321744     
          68          74  0.283578917424567     
          72          74  0.118124228240607     
          69          75  0.238730955574913     
          73          75  0.211075104438610     
          72          76  0.120181517679441     
          74          76  0.238475778319421     
          75          76  0.225218314281531     
          68          77  0.731266801716931     
          74          77  0.127657972706282     
          69          78  0.105980112955106     
          75          78  0.721182064409743     
          68          80  0.116560531696405     
          74          80  0.691678648090645     
          77          80   2.73062885857415     
          69          81  0.653380600831906     
          75          81  0.137202415563373     
          78          81   2.72580338750654     
          68          82  0.645506406345895     
          74          82  0.735183544368444     
          79          82   1.70595584922739     
          68          83  0.116263961317211     
          69          83  0.634074866918039     
          74          83  0.119523101020179     
          75          83  0.569601936799887     
          79          83   1.83016253042932     
          82          83  0.114406930836659     
          65          84   1.18468351510782     
          71          84  0.707294486084640     
          65          85  0.218430051559046     
          66          85  0.695638688625774     
          70          85  0.590284762161176     
          66          86  0.809647891235836     
          67          86  0.573607579406231     
          66          87  0.492100314374983     
          68          87  0.670343741577774     
          66          88  0.709931866255284     
          69          88  0.625669046350071     
          68          89  0.830837401784675     
          70          89  0.792771509330837     
          69          90  0.512872463124224     
          70          90  0.946199061869002     
          71          91  0.718256751662945     
          72          91  0.718570286140257     
          72          92  0.816040921428847     
          73          92  0.716828357694455     
          76          92  0.139792539195433     
          67          93  0.871721101758178     
          73          93  0.920879655087163     
          72          94  0.681781199700616     
          74          94  0.750530256663459     
          72          95  0.629778359736641     
          75          95  0.548359609002472     
          74          96  0.913575548217162     
          76          96  0.907737797104843     
          75          97  0.949588706205147     
          76          97  0.752155014223002     
