           1           2  0.803497384655030     
           2           3   1.63285509666109     
           2           4   1.63065300164040     
           3           4  0.117061298348039     
           2           5  0.787134069028151     
           5           6   1.01029497988739     
           6           7   1.01011652795714     
           7           8  0.999502685088246     
           8           9   1.00722477734719     
           9          10   1.55189476094425     
          10          11   1.31803136459900     
           9          12  0.123596936486048     
          11          12   1.49371542129069     
          12          13   1.11868257197154     
          13          14   1.66122203057787     
          14          15   1.10481076615700     
          15          16   1.60986723658338     
          16          17   1.11853689964360     
          17          18   1.11055378713620     
          18          19   1.35499151818546     
          19          20   1.45030872408219     
          20          21   1.38484620125561     
          21          22   1.01377006358671     
          22          23  0.952706766239452     
          23          24   1.00602861387049     
          24          25   1.40807785692662     
          25          26   1.43812442718120     
          24          27  0.103707713242449     
          26          27   1.43705343059708     
          27          28   1.39174218796398     
          28          29  0.976025931356376     
          24          30   1.37113239913932     
          28          30   1.35932258259584     
          30          31  0.986556154608482     
          21          32   1.34515859682773     
          32          33  0.986365567685187     
          18          34   1.34894352088019     
          20          34  0.101922143263754     
          32          34   1.41696593129967     
          16          35   1.09938094853388     
          35          36   1.74184413266558     
          35          37  0.116200965895909     
          36          37   1.16042348947522     
          13          38   1.02353299395944     
          37          38   1.79798146915257     
           9          39   1.11238075247185     
          12          39   1.07872162743583     
           1          40  0.977587842522419     
           1          41  0.978858896267428     
           1          42  0.971820267096900     
           5          43  0.968406062012247     
           5          44  0.962403984055787     
           6          45  0.966855792455317     
           6          46  0.967074325241265     
           7          47  0.951117284548864     
           8          48  0.970244498331092     
           8          49  0.954508177532344     
          10          50  0.973275465257078     
          11          51  0.972059967092384     
          14          52  0.953218504469126     
          15          53  0.947459168549011     
          17          54  0.934335590392355     
          19          55  0.961859390158563     
          20          56  0.965648181302308     
          23          57  0.957298017664134     
          23          58  0.954662581797082     
          25          59  0.962690586801518     
          26          60  0.968341559822721     
          27          61  0.964569693963131     
          34          62  0.964585179671080     
          36          63  0.933231967421598     
          38          64  0.903856968946705     
          65          66  0.200309407528487     
          66          67  0.187586730082634     
          65          68  0.197100566196325     
          66          69  0.139265351835289     
          65          70  0.100467403777870     
          66          70  0.134020228417637     
          68          70  0.208405883548311     
          69          70  0.170943775332773     
          65          71  0.329921832544056     
          67          71  0.140207601537116     
          71          72  0.608291093319831     
          67          73  0.371585592940976     
          72          73  0.166639314646501     
          68          74  0.178674084835435     
          72          74  0.140895782922049     
          69          75  0.282848807186035     
          73          75  0.129821880790717     
          72          76  0.147741942870099     
          73          76  0.220607696212328     
          74          76  0.199933563873240     
          75          76  0.210290522300312     
          68          77  0.720586093515934     
          74          77  0.155690440689853     
          69          78  0.151554100692766     
          75          78  0.671056612043606     
          74          80  0.726517403570771     
          77          80   2.73910308305044     
          69          81  0.742521551588648     
          78          81   2.73217699047028     
          69          82  0.156201356953982     
          74          82   1.04862565186671     
          75          82  0.138554851108659     
          79          82   2.00902766402792     
          69          83  0.886143630468891     
          74          83  0.223799176872961     
          75          83  0.649564846008866     
          79          83   1.60552610075840     
          65          84  0.845276395885281     
          68          84  0.703295952445851     
          71          84  0.147274307456995     
          65          85  0.814806116287117     
          66          85  0.750400378521298     
          70          85  0.122144630795613     
          66          86  0.689438967075366     
          67          86  0.598875117220452     
          71          86  0.152835509578882     
          66          87  0.608549567277824     
          68          87  0.565572704961976     
          66          88  0.744186632384058     
          67          88  0.109936122743120     
          69          88  0.600706981578021     
          68          89  0.934030558666972     
          70          89  0.707469601006914     
          69          90  0.778293611427292     
          70          90  0.963139814766260     
          71          91   1.99659297497313     
          72          92  0.753523313389811     
          73          92  0.833764715317684     
          67          93  0.960890519971318     
          73          93  0.764456845348635     
          75          93  0.113896380046498     
          68          94  0.124087616101732     
          71          94  0.111596361468763     
          72          94  0.799897993694296     
          74          94  0.443140705634591     
          72          95  0.713710482096421     
          75          95  0.441702819392312     
          72          96  0.195300322308268     
          74          96  0.616769304457573     
          76          96  0.898550892080507     
          75          97  0.967908596758668     
          76          97  0.733958916010951     
