   -0.10912615
   -0.07334609
    0.01278761
   -0.13584495
    0.01694845
   -0.05707167
    0.29474286
   -0.35116537
   -0.22565193
    0.18320498
   -0.43151336
   -0.06689825
    0.02415387
   -0.18928881
    0.04807489
    0.03654569
    0.03962449
    0.05683417
    0.05057747
    0.07833133
    0.07126607
    0.06614466
    0.05842827
    0.07539517
    0.02508456
    0.31572864
    0.06434934
    0.05502677
    0.06831841
    0.06374329
    1.04954941
    1.55123065
    1.04651410
    1.37865921
    1.11781697
    1.01965075
    0.87995926
    1.34775202
    1.00564175
    1.09498717
    1.18867883
    1.02376307
   -0.25919642
   -0.25571799
   -0.01911866
   -0.21085172
   -0.22627754
   -0.34691303
   -0.40415907
   -0.84936897
   -0.88241875
   -0.95770282
   -1.00466175
   -0.91341715
   -0.82261812
   -0.80006211
   -0.63711468
   -0.86537203
   -0.80064363
   -0.94589722
   -0.96779657
   -0.81799941
   -0.78229993
