           1           2   1.01777916795185     
           2           3  0.989410940340265     
           3           4   1.00275345646291     
           3           5  0.959704690480510     
           5           6  0.978775732949367     
           6           7  0.941760310426765     
           7           8   1.77142871053600     
           5           9  0.963892818896534     
           7           9   1.14622184022074     
           8           9  0.164637320380153     
           3          10  0.957305192982807     
           9          10  0.934333718883622     
          10          11  0.999799856316861     
           6          12  0.990162518359758     
          12          13   1.01520496857099     
          13          14  0.952992854633632     
           1          15  0.984770137556114     
           1          16  0.985285101364736     
           1          17  0.985053067275887     
           2          18  0.960754789018948     
           2          19  0.972362620675016     
           4          20  0.967558617756067     
           4          21  0.982019574536577     
           4          22  0.979053418293950     
           5          23  0.963910631242280     
           6          24  0.942888745954942     
          10          25  0.959113856346938     
          11          26  0.886073016213938     
          12          27  0.968225116807821     
          12          28  0.963714090998875     
          13          29  0.977293843276110     
          13          30  0.974134038564838     
          31          32  0.201519041446922     
          32          33  0.187311096459561     
          31          34  0.198633734034550     
          32          35  0.139834178658817     
          32          36  0.132191457295911     
          34          36  0.202899242691101     
          35          36  0.171639649416999     
          31          37  0.332104528244710     
          33          37  0.140440152660359     
          37          38  0.607055990355061     
          33          39  0.372286109691085     
          38          39  0.166574705763718     
          34          40  0.178638298592370     
          38          40  0.141185381934806     
          35          41  0.282198217752510     
          39          41  0.129366982386108     
          38          42  0.148640005070470     
          39          42  0.221431817127363     
          40          42  0.199502041873479     
          41          42  0.210378452312504     
          34          43  0.720831340538910     
          40          43  0.155757757510092     
          35          44  0.151466410981749     
          41          44  0.670828811535230     
          40          46  0.725960527489071     
          43          46   2.73885200087963     
          35          47  0.741767870727117     
          44          47   2.73229342372492     
          35          48  0.161098283618041     
          40          48   1.05904181814477     
          41          48  0.141039621993528     
          45          48   2.00751618609724     
          35          49  0.891674199532844     
          40          49  0.233015098427169     
          41          49  0.655145047903063     
          45          49   1.60482133542454     
          31          50  0.847369117435128     
          34          50  0.701989112573544     
          37          50  0.147624831224951     
          31          51  0.812824223875265     
          32          51  0.749584005648062     
          36          51  0.123495098596551     
          32          52  0.687971697897101     
          33          52  0.600178350882095     
          37          52  0.152908033912616     
          32          53  0.610810424979865     
          34          53  0.566134735016570     
          32          54  0.746959339554315     
          33          54  0.110326396497505     
          35          54  0.598328635096607     
          34          55  0.939469257877273     
          36          55  0.704657184985359     
          35          56  0.771731557940777     
          36          56  0.973482771750389     
          37          57   1.99500338096638     
          38          58  0.751172844942275     
          39          58  0.835180788559413     
          33          59  0.961544642351684     
          39          59  0.764573650324364     
          41          59  0.113144389225750     
          34          60  0.123410569021475     
          37          60  0.112250295593631     
          38          60  0.802207766859656     
          40          60  0.441173083045214     
          38          61  0.716347209434304     
          41          61  0.441050383746768     
          38          62  0.195931177346954     
          40          62  0.613293352839162     
          42          62  0.900268429147840     
          41          63  0.965331761303632     
          42          63  0.734959497287763     
