   -0.44259609
    0.27621975
   -0.02125109
   -0.17972302
    0.01109723
    0.00643126
   -0.05680541
    0.17098584
   -0.21001497
   -0.05106894
   -0.03462235
    0.04860893
   -0.10816370
    0.00125002
    0.07345368
   -0.33062745
   -0.03270322
    0.14574851
   -0.17014991
    0.13479897
   -0.16724587
    0.14192871
   -0.17628529
    0.04171080
   -0.12597884
    0.05178563
    0.15867261
   -0.21574412
   -0.04843060
   -0.03558773
   -0.03845056
    0.02991400
   -0.10172346
    0.13796457
   -0.19379112
    0.31771059
    0.06508936
    0.05757680
    0.05683389
    0.01517438
    0.06666556
    0.06998748
    0.06903550
    0.03535923
    0.04535903
    0.03977378
    0.06704421
    0.20064445
    0.07432170
    0.06332871
    0.07088705
    1.05222636
    1.55022863
    1.04872552
    1.37903301
    1.11908312
    1.04167101
    0.88117876
    1.34805286
    1.00791996
    1.09614587
    1.18910575
    1.02516316
   -0.25702245
   -0.25456887
   -0.01980044
   -0.20958385
   -0.22394602
   -0.34680323
   -0.40504162
   -0.84671923
   -0.87926176
   -0.95550057
   -1.00659347
   -0.91151719
   -0.82004111
   -0.79613727
   -0.63502029
   -0.86395638
   -0.79902963
   -0.94570019
   -0.96902816
   -0.81682136
   -0.78083942
