           1           2  0.980660043954814     
           2           3  0.940641143180231     
           3           4  0.999894244177008     
           4           5  0.992135150101858     
           5           6   1.00482466139223     
           6           7   1.40772998775403     
           7           8   1.39478836897681     
           8           9  0.972977016550260     
           6          10  0.105108645967779     
           8          10   1.38825631574477     
           7          11  0.108131097925118     
          10          11   1.44152099450186     
           6          12   1.39230737498816     
          11          12   1.41613116392450     
          12          13  0.986898170905361     
           4          14  0.996669695823133     
          14          15   1.00092856720947     
           2          16  0.963694125851615     
          15          16  0.970976718921341     
           2          17  0.973167860651708     
          17          18   1.34723674042217     
          18          19  0.995685534561683     
          18          20   1.34199558664507     
          20          21  0.998869167345913     
          20          22   1.34842873231163     
          22          23  0.991035885842577     
          22          24   1.31465760414763     
          24          25   1.12885524008978     
          25          26   1.09818109939386     
          26          27   1.32027890331857     
          27          28  0.967518729800785     
          27          29   1.40044762578638     
          29          30   1.43120991244992     
          30          31   1.43081982976479     
          26          32   1.33652794479688     
          31          32   1.41897766594420     
          32          33  0.996611688124611     
          17          34   1.38201203055409     
          24          34   1.30206564191446     
          34          35  0.978400462777292     
           1          36  0.879197220730774     
           3          37  0.969242373089917     
           3          38  0.968747384149182     
           5          39  0.958354641221914     
           5          40  0.959745858846471     
           7          41  0.962780494131941     
          10          42  0.964017068582285     
          11          43  0.967200617331495     
          14          44  0.962773989076555     
          14          45  0.969795122456592     
          15          46  0.967058820823970     
          15          47  0.956519129518594     
          25          48  0.915888296771443     
          29          49  0.964567876523184     
          30          50  0.966320010777974     
          31          51  0.965238061770733     
          52          53  0.201107627266001     
          53          54  0.188052204376046     
          52          55  0.198130228273743     
          53          56  0.136690160243935     
          52          57  0.100680613781161     
          53          57  0.138651762198860     
          55          57  0.206997262977992     
          56          57  0.177018977446808     
          52          58  0.332001356365912     
          54          58  0.139860700414639     
          58          59  0.607849287001949     
          54          60  0.371675798711599     
          59          60  0.165976375433224     
          55          61  0.178461353453867     
          59          61  0.141060020286336     
          56          62  0.283331846512592     
          60          62  0.129929618185950     
          59          63  0.147678443960453     
          60          63  0.221019703563070     
          61          63  0.198934933351433     
          62          63  0.210469391719383     
          55          64  0.720276774350718     
          61          64  0.156710981848029     
          56          65  0.152060557876772     
          62          65  0.668625758556756     
          61          67  0.728061718281342     
          64          67   2.73880201184378     
          56          68  0.743432288596411     
          65          68   2.73240777733265     
          56          69  0.161732973424935     
          61          69   1.05596404775914     
          62          69  0.142117313855666     
          66          69   2.00945809866917     
          56          70  0.893260816361625     
          61          70  0.230909546109090     
          62          70  0.654952779421494     
          66          70   1.60336083885944     
          52          71  0.847768526543041     
          55          71  0.702004369110325     
          58          71  0.147652964642341     
          52          72  0.812944861264994     
          53          72  0.749965694594539     
          57          72  0.123757609157563     
          53          73  0.690556448629413     
          54          73  0.600045149839455     
          58          73  0.152536341155281     
          53          74  0.608689358769453     
          55          74  0.563855944791364     
          53          75  0.744972329706620     
          54          75  0.110147991340243     
          56          75  0.598963061113388     
          55          76  0.945914236410289     
          57          76  0.699017570184921     
          56          77  0.775200834355076     
          57          77  0.969864699104928     
          58          78   1.99543540513174     
          59          79  0.751278509366074     
          60          79  0.836363149888316     
          54          80  0.962915023793407     
          60          80  0.763545437682002     
          62          80  0.113339363497048     
          55          81  0.122897865707431     
          58          81  0.112109131907852     
          59          81  0.803404799795859     
          61          81  0.441658128312427     
          59          82  0.715057229474334     
          62          82  0.442033245593762     
          59          83  0.195740746082958     
          61          83  0.613003730837438     
          63          83  0.901742933254134     
          62          84  0.967665292058795     
          63          84  0.733332083876812     
