   -0.44004217
    0.27461225
   -0.01973549
   -0.17963295
    0.01072211
    0.00520426
   -0.05865112
    0.17112591
   -0.20984701
   -0.05093126
   -0.03418231
    0.04785136
   -0.10474851
    0.00101252
    0.06555916
   -0.32385111
   -0.03502819
    0.14722016
   -0.17032325
    0.13817831
   -0.16387243
    0.14285895
   -0.17441260
    0.04129814
   -0.12408635
    0.05199433
    0.16011828
   -0.21173935
   -0.04794239
   -0.03512537
   -0.03848143
    0.03269608
   -0.11179729
    0.13943175
   -0.19101312
    0.30897308
    0.06538251
    0.05322100
    0.06271900
    0.01922062
    0.06601181
    0.07071441
    0.06845485
    0.02978651
    0.04679855
    0.05392153
    0.06694851
    0.20076827
    0.07500107
    0.06260439
    0.07059401
    1.04891329
    1.54975783
    1.04657986
    1.37883502
    1.11776916
    1.04299268
    0.88050394
    1.34787251
    1.00679565
    1.09590591
    1.18830626
    1.02469674
   -0.25719108
   -0.25549742
   -0.01912207
   -0.21013029
   -0.22563640
   -0.34571892
   -0.40391249
   -0.84742999
   -0.88186989
   -0.95591079
   -1.00665701
   -0.91427404
   -0.82231705
   -0.79594433
   -0.63647603
   -0.86430632
   -0.79954803
   -0.94532911
   -0.96865728
   -0.81729498
   -0.78126535
