           1           2  0.201874214077514     
           2           3  0.188477613908635     
           1           4  0.198121065693013     
           2           5  0.137770506226903     
           2           6  0.136543623204416     
           4           6  0.210233217218216     
           5           6  0.174162048337994     
           1           7  0.331491001886229     
           3           7  0.139898433218568     
           7           8  0.607298043413202     
           3           9  0.371609980957763     
           8           9  0.166192389577461     
           4          10  0.177384069142569     
           8          10  0.140836386239267     
           5          11  0.283810458016368     
           9          11  0.129947809287689     
           8          12  0.147681569923531     
           9          12  0.220734656148823     
          10          12  0.199513628440619     
          11          12  0.210395053379503     
           4          13  0.721379329035254     
          10          13  0.155264062529316     
           5          14  0.152377562093601     
          11          14  0.669820614830612     
          10          16  0.726158520482327     
          13          16   2.73887270480646     
           5          17  0.744061949756915     
          14          17   2.73190948823620     
           5          18  0.160683895242869     
          10          18   1.05733080700448     
          11          18  0.141461806638011     
          15          18   2.00809377307393     
           5          19  0.893613058840509     
          10          19  0.232517260354339     
          11          19  0.653344417050895     
          15          19   1.60353954182142     
           1          20  0.845543680016136     
           4          20  0.706598315295580     
           7          20  0.147146113810295     
           1          21  0.814788165441013     
           2          21  0.752357455494900     
           6          21  0.122913891168581     
           2          22  0.692615207691744     
           3          22  0.598646702497568     
           7          22  0.152419624115549     
           2          23  0.604943499677335     
           4          23  0.562045988471575     
           2          24  0.747134592798612     
           3          24  0.109974239353552     
           5          24  0.600984189654665     
           4          25  0.938299067644020     
           6          25  0.711417188523792     
           5          26  0.771756694872957     
           6          26  0.976873253209753     
           7          27   1.99715604727954     
           8          28  0.753159297606316     
           9          28  0.835291095720508     
           3          29  0.963248733676603     
           9          29  0.763997562951091     
          11          29  0.113574692390827     
           4          30  0.124248954392453     
           7          30  0.111892245312431     
           8          30  0.802331034873642     
          10          30  0.441552861977422     
           8          31  0.715232500767248     
          11          31  0.441620481144561     
           8          32  0.195920091861472     
          10          32  0.614916128322572     
          12          32  0.900632311003217     
          11          33  0.968215794203588     
          12          33  0.734102493298464     
