   -0.12792398
   -0.02291132
   -0.13728614
   -0.13250491
   -0.05419002
   -0.14376471
    0.25079108
   -0.43258272
   -0.01254118
   -0.08274148
    0.02061143
   -0.04553575
   -0.03870858
   -0.03766039
   -0.03306850
   -0.05174937
   -0.13230437
    0.25309455
   -0.28446982
    0.08410450
    0.06052442
   -0.16580810
    0.05227783
    0.05014454
   -0.18454368
    0.44085208
   -0.46200916
   -0.48971623
    0.04134457
    0.04383056
    0.06884087
    0.07237194
    0.07487772
    0.08724868
    0.07761241
    0.17613063
    0.14892803
    0.11014901
    0.19375928
    0.19830254
    0.05985719
    0.07074185
    0.04811747
    0.04425969
    0.03514801
    0.04366698
    0.11024280
    0.21561020
    0.09892482
    0.06450929
    0.06562635
    0.31737077
    0.31807396
    0.77124212
    0.72920997
    0.78108741
    1.01158340
    1.05582246
    1.07262413
    0.80375434
    0.76596177
    0.79970453
    1.06510689
    1.06007258
    1.07496355
   -0.73046188
   -0.73469751
   -0.57240018
   -0.41763810
   -0.40903024
   -0.33890787
   -0.33926141
   -0.54614182
   -0.59687001
   -0.55713942
   -0.66742381
   -0.67497019
   -0.59501996
   -0.57759863
   -0.54305932
   -0.58471907
   -0.54435099
   -0.66646316
   -0.66657982
   -0.57714535
   -0.57718005
