           1           2   1.00794800283458     
           2           3   1.00718005159566     
           2           4  0.995347314478488     
           4           5  0.996035570615479     
           5           6  0.978239855069143     
           6           7   1.24132290159400     
           6           8  0.189647505424900     
           7           8   1.64970199570665     
           7           9  0.958637418471440     
           9          10  0.970602645437434     
          10          11   1.01687405162345     
          11          12   1.39711487249356     
          12          13   1.45518351297416     
          11          14  0.114683825845758     
          13          14   1.43135486242759     
          12          15  0.110101038988574     
          14          15   1.43916183247070     
          11          16   1.40573088216455     
          13          16  0.108650075371947     
          15          16   1.44574486896331     
           9          17   1.00173390929677     
          17          18   1.23532535404750     
          17          19  0.205254293689216     
          18          19   1.62808262153109     
          18          20   1.01979548917785     
          20          21   1.37940101026469     
          21          22   1.44061853751467     
          20          23  0.108510893917847     
          22          23   1.43542063816032     
          21          24  0.112654281707489     
          23          24   1.40218059889998     
          20          25   1.37833250653410     
          22          25  0.100960647914245     
          24          25   1.45536279849471     
           5          26  0.931395413471018     
          26          27   1.18648547133738     
          26          28   1.06089643459552     
           1          29  0.984063613916641     
           1          30  0.983053849284800     
           1          31  0.983794966064304     
           2          32  0.967292855594734     
           3          33  0.983905872067140     
           3          34  0.983465689356013     
           3          35  0.988457000364445     
           4          36  0.964142083431125     
           4          37  0.966909465733672     
           5          38  0.945900657611972     
           6          39  0.936323136757102     
           9          40  0.929765580479094     
          10          41  0.960227592825324     
          10          42  0.952221580879671     
          12          43  0.965779726779257     
          13          44  0.967618385624206     
          14          45  0.970131866204969     
          15          46  0.969492397726626     
          16          47  0.967790756405637     
          17          48  0.928755125459309     
          21          49  0.954761207142855     
          23          50  0.963918304624925     
          24          51  0.962388040744543     
          27          52  0.885456589782106     
          28          53  0.865465992337734     
          54          55  0.201261822709446     
          55          56  0.187861156310935     
          54          57  0.198238739692870     
          55          58  0.139173310934362     
          55          59  0.133077867533103     
          57          59  0.208096222198909     
          58          59  0.173752062519615     
          54          60  0.332137165283750     
          56          60  0.140073227302181     
          60          61  0.608173845853911     
          56          62  0.371349699613764     
          61          62  0.166778897354966     
          57          63  0.178241570938015     
          61          63  0.140868070175771     
          58          64  0.282701757110392     
          62          64  0.129668127156886     
          61          65  0.147821538296815     
          62          65  0.220760933967253     
          63          65  0.199775929942805     
          64          65  0.210319668569499     
          57          66  0.719257818090725     
          63          66  0.155976471863220     
          58          67  0.151970483933083     
          64          67  0.669796395745142     
          63          69  0.726796528498047     
          66          69   2.73922110193392     
          58          70  0.743455836146379     
          67          70   2.73221985227591     
          58          71  0.160781529892425     
          63          71   1.05165570523002     
          64          71  0.140091563882534     
          68          71   2.00924928538599     
          58          72  0.890674595223921     
          63          72  0.227316929924411     
          64          72  0.652678313724435     
          68          72   1.60349838030481     
          54          73  0.844774160307102     
          57          73  0.704991103445199     
          60          73  0.147266284586396     
          54          74  0.813972662562296     
          55          74  0.750984760085666     
          59          74  0.122266275799503     
          55          75  0.689363303792643     
          56          75  0.599500143638389     
          60          75  0.152788675455514     
          55          76  0.607365170114464     
          57          76  0.565572380910569     
          55          77  0.747458124040010     
          56          77  0.110080526287612     
          58          77  0.600394442609009     
          57          78  0.937926117616487     
          59          78  0.707963458422045     
          58          79  0.770761298436791     
          59          79  0.972322789514838     
          60          80   1.99633493459857     
          61          81  0.753119979526968     
          62          81  0.834316599675565     
          56          82  0.961416184883098     
          62          82  0.764506282449694     
          64          82  0.113587992598476     
          57          83  0.124179796298835     
          60          83  0.111724375292278     
          61          83  0.800197145964938     
          63          83  0.442845489224868     
          61          84  0.714606124598215     
          64          84  0.441816194358553     
          61          85  0.195253814753128     
          63          85  0.615915137665007     
          65          85  0.899271766789645     
          64          86  0.967246712097052     
          65          86  0.734139877449859     
