&CONTROL
  calculation = 'relax'
  prefix = 'c_Lomustine'
  outdir = './tmp'
  pseudo_dir = '/home/andres/pseudo/SSSP_1.3.0_PBE_efficiency'
  forc_conv_thr = 2.0d-3
  etot_conv_thr = 1.0d-4
  nstep = 200
/
&SYSTEM
  ibrav = 0
  nat = 143
  ntyp = 6
  ecutwfc = 50
  ecutrho = 400
  occupations = 'smearing'
  smearing = 'mv'
  degauss = 0.01
  vdw_corr = 'dft-d3'
  nosym = .true.
/
&ELECTRONS
  conv_thr = 1.0d-7
  mixing_beta = 0.1
  mixing_mode = 'local-TF'
  mixing_ndim = 16
  electron_maxstep = 300
/
&IONS
  ion_dynamics = 'bfgs'
  trust_radius_ini = 0.2
  pot_extrapolation = 'second_order'
  wfc_extrapolation = 'second_order'
/
ATOMIC_SPECIES
  Ti 47.867 ti_pbe_v1.4.uspp.F.UPF
  C 12.011 C.pbe-n-kjpaw_psl.1.0.0.UPF
  O 15.999 O.pbe-n-kjpaw_psl.0.1.UPF
  N 14.007 N.pbe-n-radius_5.UPF
  H 1.008 H.pbe-rrkjus_psl.1.0.0.UPF
  Cl 35.45 cl_pbe_v1.4.uspp.F.UPF
CELL_PARAMETERS angstrom
  12.12000000 0.00000000 0.00000000
  6.06000000 10.49622789 0.00000000
  0.00000000 0.00000000 26.60000000
ATOMIC_POSITIONS angstrom
  Ti 0.000000 0.000000 13.300000  0 0 0
  C 1.515000 0.874686 14.450000  0 0 0
  C 3.030000 1.749371 12.150000  0 0 0
  Ti 3.030000 1.749371 15.630000
  Ti 1.515000 0.874686 10.970000  0 0 0
  O 0.000000 0.000000 16.600000
  O 0.000000 0.000000 10.000000  0 0 0
  Ti 1.515000 2.624057 13.300000  0 0 0
  C 3.030000 3.498743 14.450000  0 0 0
  C 4.545000 4.373428 12.150000  0 0 0
  Ti 4.545000 4.373428 15.630000
  Ti 3.030000 3.498743 10.970000  0 0 0
  O 1.515000 2.624057 16.600000
  O 1.515000 2.624057 10.000000  0 0 0
  Ti 3.030000 5.248114 13.300000  0 0 0
  C 4.545000 6.122800 14.450000  0 0 0
  C 6.060000 6.997485 12.150000  0 0 0
  Ti 6.060000 6.997485 15.630000
  Ti 4.545000 6.122800 10.970000  0 0 0
  O 3.030000 5.248114 16.600000
  O 3.030000 5.248114 10.000000  0 0 0
  Ti 4.545000 7.872171 13.300000  0 0 0
  C 6.060000 8.746857 14.450000  0 0 0
  C 7.575000 9.621542 12.150000  0 0 0
  Ti 7.575000 9.621542 15.630000
  Ti 6.060000 8.746857 10.970000  0 0 0
  O 4.545000 7.872171 16.600000
  O 4.545000 7.872171 10.000000  0 0 0
  Ti 3.030000 0.000000 13.300000  0 0 0
  C 4.545000 0.874686 14.450000  0 0 0
  C 6.060000 1.749371 12.150000  0 0 0
  Ti 6.060000 1.749371 15.630000
  Ti 4.545000 0.874686 10.970000  0 0 0
  O 3.030000 0.000000 16.600000
  O 3.030000 0.000000 10.000000  0 0 0
  Ti 4.545000 2.624057 13.300000  0 0 0
  C 6.060000 3.498743 14.450000  0 0 0
  C 7.575000 4.373428 12.150000  0 0 0
  Ti 7.575000 4.373428 15.630000
  Ti 6.060000 3.498743 10.970000  0 0 0
  O 4.545000 2.624057 16.600000
  O 4.545000 2.624057 10.000000  0 0 0
  Ti 6.060000 5.248114 13.300000  0 0 0
  C 7.575000 6.122800 14.450000  0 0 0
  C 9.090000 6.997485 12.150000  0 0 0
  Ti 9.090000 6.997485 15.630000
  Ti 7.575000 6.122800 10.970000  0 0 0
  O 6.060000 5.248114 16.600000
  O 6.060000 5.248114 10.000000  0 0 0
  Ti 7.575000 7.872171 13.300000  0 0 0
  C 9.090000 8.746857 14.450000  0 0 0
  C 10.605000 9.621542 12.150000  0 0 0
  Ti 10.605000 9.621542 15.630000
  Ti 9.090000 8.746857 10.970000  0 0 0
  O 7.575000 7.872171 16.600000
  O 7.575000 7.872171 10.000000  0 0 0
  Ti 6.060000 0.000000 13.300000  0 0 0
  C 7.575000 0.874686 14.450000  0 0 0
  C 9.090000 1.749371 12.150000  0 0 0
  Ti 9.090000 1.749371 15.630000
  Ti 7.575000 0.874686 10.970000  0 0 0
  O 6.060000 0.000000 16.600000
  O 6.060000 0.000000 10.000000  0 0 0
  Ti 7.575000 2.624057 13.300000  0 0 0
  C 9.090000 3.498743 14.450000  0 0 0
  C 10.605000 4.373428 12.150000  0 0 0
  Ti 10.605000 4.373428 15.630000
  Ti 9.090000 3.498743 10.970000  0 0 0
  O 7.575000 2.624057 16.600000
  O 7.575000 2.624057 10.000000  0 0 0
  Ti 9.090000 5.248114 13.300000  0 0 0
  C 10.605000 6.122800 14.450000  0 0 0
  C 12.120000 6.997485 12.150000  0 0 0
  Ti 12.120000 6.997485 15.630000
  Ti 10.605000 6.122800 10.970000  0 0 0
  O 9.090000 5.248114 16.600000
  O 9.090000 5.248114 10.000000  0 0 0
  Ti 10.605000 7.872171 13.300000  0 0 0
  C 12.120000 8.746857 14.450000  0 0 0
  C 13.635000 9.621542 12.150000  0 0 0
  Ti 13.635000 9.621542 15.630000
  Ti 12.120000 8.746857 10.970000  0 0 0
  O 10.605000 7.872171 16.600000
  O 10.605000 7.872171 10.000000  0 0 0
  Ti 9.090000 0.000000 13.300000  0 0 0
  C 10.605000 0.874686 14.450000  0 0 0
  C 12.120000 1.749371 12.150000  0 0 0
  Ti 12.120000 1.749371 15.630000
  Ti 10.605000 0.874686 10.970000  0 0 0
  O 9.090000 0.000000 16.600000
  O 9.090000 0.000000 10.000000  0 0 0
  Ti 10.605000 2.624057 13.300000  0 0 0
  C 12.120000 3.498743 14.450000  0 0 0
  C 13.635000 4.373428 12.150000  0 0 0
  Ti 13.635000 4.373428 15.630000
  Ti 12.120000 3.498743 10.970000  0 0 0
  O 10.605000 2.624057 16.600000
  O 10.605000 2.624057 10.000000  0 0 0
  Ti 12.120000 5.248114 13.300000  0 0 0
  C 13.635000 6.122800 14.450000  0 0 0
  C 15.150000 6.997485 12.150000  0 0 0
  Ti 15.150000 6.997485 15.630000
  Ti 13.635000 6.122800 10.970000  0 0 0
  O 12.120000 5.248114 16.600000
  O 12.120000 5.248114 10.000000  0 0 0
  Ti 13.635000 7.872171 13.300000  0 0 0
  C 15.150000 8.746857 14.450000  0 0 0
  C 16.665000 9.621542 12.150000  0 0 0
  Ti 16.665000 9.621542 15.630000
  Ti 15.150000 8.746857 10.970000  0 0 0
  O 13.635000 7.872171 16.600000
  O 13.635000 7.872171 10.000000  0 0 0
  O 4.804238 5.511973 22.277088
  N 5.951441 5.722853 21.872589
  N 6.363015 4.822651 20.750637
  C 5.437367 3.804962 20.260583
  C 5.573022 2.502679 21.038050
  Cl 4.416085 1.289807 20.438574
  C 7.669620 4.846596 20.270242
  O 8.074069 4.044976 19.427840
  N 8.485357 5.832603 20.782453
  C 9.898302 5.914388 20.435354
  C 10.720252 4.909821 21.254777
  C 12.213326 5.029666 20.960192
  C 12.715599 6.455852 21.163335
  C 11.902560 7.458846 20.350598
  C 10.409870 7.343740 20.647301
  H 4.412639 4.191940 20.303889
  H 5.651990 3.623313 19.200000
  H 6.578515 2.081994 20.939823
  H 5.372559 2.653120 22.103282
  H 8.203951 6.266356 21.650166
  H 9.997226 5.661247 19.371638
  H 10.390290 3.885696 21.043394
  H 10.546443 5.074834 22.326307
  H 12.406426 4.718530 19.926140
  H 12.772756 4.346245 21.608888
  H 13.771606 6.519249 20.877687
  H 12.656026 6.715231 22.227550
  H 12.076054 7.288528 19.280925
  H 12.244918 8.476061 20.571669
  H 10.220384 7.659558 21.681726
  H 9.854094 8.038217 20.005461
K_POINTS gamma
