   -0.11884808
    0.03073327
   -0.11321162
   -0.11437126
    0.10576982
   -0.27968083
    0.12900803
   -0.17308305
    0.06018593
   -0.05123919
   -0.04260128
    0.06913190
   -0.35416538
    1.21606720
   -0.58444586
   -0.56721395
   -0.12916449
    0.18426056
   -0.18899636
   -0.04645429
   -0.01935466
   -0.04779293
    0.18318513
   -0.18178660
    0.16225587
   -0.21075399
   -0.06843709
   -0.02715061
    0.02971390
   -0.04426109
    0.05351679
   -0.18072070
    0.05679191
   -0.03779858
    0.03580168
    0.05471206
    0.04747375
    0.05061142
    0.05917298
    0.04482229
    0.04707778
    0.04725818
    0.05962104
    0.04299008
    0.20389519
    0.07301208
    0.08405371
    0.21572671
    0.09850930
    0.09010648
    0.09796835
    0.08764020
    0.04913426
    0.06090937
    0.08916287
    0.05729906
    1.11348889
    1.47313452
    1.28396067
    1.36278193
    1.12961088
    1.06471562
    1.05377539
    1.19683723
   -5.73163319
    1.11696253
    1.27208487
    1.37547319
   -0.22367836
   -0.12675952
   -0.00207754
   -0.15983685
   -0.17268098
   -0.27539026
   -0.33116160
   -0.80689389
   -0.83479878
   -0.79252408
   -0.97043135
   -0.83778664
   -0.79207352
   -0.76289905
   -0.44170126
    0.95972895
    0.96849266
   -0.86513093
   -0.61682469
   -0.68937840
   -0.33343373
