           1           2  0.985446631044944     
           2           3  0.975110908896548     
           2           4  0.997049238572153     
           2           5  0.976174259519159     
           5           6   1.41811625430989     
           6           7   1.33606781950270     
           7           8   1.33161902235255     
           8           9   1.44016079674572     
           5          10   1.35699825095605     
           9          10   1.41017011204320     
           9          11  0.715355479854804     
          11          12   1.60990024465820     
          11          13   1.60302072698713     
          12          13  0.115451151667493     
          11          14  0.895874858553136     
          14          15   1.08087524912788     
          15          16   1.33562145059009     
          16          17  0.962486453573256     
          16          18   1.39782348868022     
          18          19   1.43524485251252     
          19          20   1.43095670703049     
          15          21   1.32969455231212     
          20          21   1.40361553639652     
          21          22  0.967628142676994     
           7          23   1.10319588511332     
          23          24   1.47911226579958     
          24          25   1.25751902426820     
          25          26   1.16774941599045     
          26          27   1.34522919256193     
          27          28   1.44381650096421     
          28          29   1.36096354480260     
          29          30  0.970391955278406     
          27          31  0.114620842056405     
          29          31   1.42384653239721     
          23          32   1.17514031187709     
          26          32   1.25365170077759     
          31          32   1.34482060669343     
           1          33  0.983438762025553     
           1          34  0.983213510757994     
           1          35  0.986115836112260     
           3          36  0.972197485590970     
           3          37  0.983991149164984     
           3          38  0.980361739741790     
           4          39  0.971652216837202     
           4          40  0.984935827116826     
           4          41  0.983476494898553     
          14          42  0.919383381747433     
          18          43  0.963862723552032     
          19          44  0.967569318749739     
          20          45  0.964268287294436     
          24          46  0.959372709443888     
          25          47  0.933458520682711     
          28          48  0.960955545558811     
          31          49  0.960760535994213     
          50          51  0.199843402429312     
          51          52  0.187986747328601     
          50          53  0.196220348201211     
          51          54  0.138142975990074     
          50          55  0.102970630155014     
          51          55  0.137585521091089     
          53          55  0.209967489412600     
          54          55  0.172781847181892     
          50          56  0.327821827861838     
          52          56  0.139671006423289     
          56          57  0.608292886014212     
          52          58  0.371417397898865     
          57          58  0.166473526463125     
          53          59  0.178335772462737     
          57          59  0.140894980105688     
          54          60  0.282628759753841     
          58          60  0.129937144904215     
          57          61  0.147825437896047     
          58          61  0.220765915056035     
          59          61  0.200020320039953     
          60          61  0.210601155939666     
          53          62  0.721227296900325     
          59          62  0.155222889349184     
          54          63  0.151565015508899     
          60          63  0.670264461464927     
          59          65  0.725657111684441     
          62          65   2.73897056246301     
          54          66  0.742327616856228     
          63          66   2.73231552896599     
          54          67  0.157005617143964     
          59          67   1.05061055176527     
          60          67  0.139305942042345     
          64          67   2.00890285582593     
          54          68  0.886581312394132     
          59          68  0.225925318441902     
          60          68  0.650250125853132     
          64          68   1.60550672362196     
          50          69  0.842363792861072     
          53          69  0.705046711454846     
          56          69  0.147414726348016     
          50          70  0.813388306124280     
          51          70  0.751255507759653     
          55          70  0.122053948345935     
          51          71  0.690553412815530     
          52          71  0.598131946608057     
          56          71  0.152501986589266     
          51          72  0.605976269168335     
          53          72  0.562841260729240     
          51          73  0.743298403675910     
          52          73  0.109872106298447     
          54          73  0.600813370245791     
          53          74  0.935667044637504     
          55          74  0.705776667707596     
          54          75  0.777444698796329     
          55          75  0.963447020704800     
          56          76   1.99689527998315     
          57          77  0.753101231817604     
          58          77  0.834247227789938     
          52          78  0.961834812544266     
          58          78  0.763584331151737     
          60          78  0.113868979568492     
          53          79  0.124158456482092     
          56          79  0.111543710383927     
          57          79  0.800330464990436     
          59          79  0.442809458994359     
          57          80  0.713254844344115     
          60          80  0.441694219307095     
          57          81  0.195214356659029     
          59          81  0.616191629603879     
          61          81  0.898976515318202     
          60          82  0.968185750723285     
          61          82  0.733379000036700     
