   -0.09433428
   -0.06873190
    0.26709970
   -0.45790112
   -0.12800492
    0.04605735
   -0.06764221
    0.06252858
   -0.11919343
    0.23757747
   -0.28276743
    0.07197300
   -0.07735105
    0.12738797
    0.00006851
    0.04759655
    0.07622869
   -0.07289422
    0.04812151
   -0.02840642
   -0.02573295
   -0.02994163
   -0.02309729
    0.01044717
   -0.24917277
    0.13068039
   -0.20935074
   -0.02040670
   -0.07366676
    0.05172923
   -0.14436969
   -0.06983095
   -0.01549550
   -0.01386565
   -0.16267396
   -0.04496372
   -0.04765268
    0.08693918
    0.09938361
    0.13239685
    0.21731533
    0.12297021
    0.26817006
    0.10391582
    0.12467888
    0.13815308
    0.11084915
    0.11484752
    0.06825433
    0.05981189
    0.05195237
    0.04759919
    0.05800066
    0.12909816
    0.09530500
    0.09993617
    0.11231227
    0.01489831
    0.09786536
    0.06087693
    0.06313083
    0.03355672
    0.06799414
    0.03325885
    0.03487553
    0.02392370
    0.05013462
    0.05071948
    0.02418540
    0.04750164
    1.03488319
    1.48954317
    1.76119048
    1.32055287
    1.09041575
    1.00416769
    0.93372296
    1.22084760
   -5.67286543
    1.14127133
    1.33902443
    1.69144207
   -0.22092644
   -0.13755224
    0.00082105
   -0.17661789
   -0.23539403
   -0.26802831
   -0.30501054
   -0.76125876
   -0.82746750
   -0.86521992
   -0.96230021
   -0.90323184
   -0.76371213
   -0.74568208
   -0.52167046
    0.94890792
   -0.45177528
   -0.85305800
   -0.71576680
   -0.70656421
   -0.37754786
