   -0.11230747
   -0.07451808
    0.24872403
   -0.47666522
   -0.14887188
    0.05347829
   -0.07157434
    0.05700349
   -0.12393434
    0.24374446
   -0.26571073
    0.07549818
   -0.07987599
    0.12188082
   -0.03699400
   -0.00837934
    0.01746391
   -0.06897943
    0.03418192
   -0.04631289
   -0.03374440
   -0.03610882
   -0.03318405
   -0.00170637
   -0.25781346
    0.12350249
   -0.22226542
   -0.01218284
   -0.07406065
    0.04497929
   -0.15056173
   -0.06742613
   -0.01519056
   -0.01108240
   -0.16566279
   -0.04342169
   -0.04421000
    0.06495293
    0.07548490
    0.11889711
    0.20691901
    0.11847306
    0.26301132
    0.09856276
    0.08448141
    0.06932473
    0.07860048
    0.07763779
    0.07151795
    0.04009183
    0.04108194
    0.04067508
    0.05463770
    0.11535592
    0.08843218
    0.10147434
    0.10240097
    0.01558476
    0.09120240
    0.05404788
    0.06455318
    0.03392764
    0.06364844
    0.03032784
    0.03889061
    0.02108859
    0.04583453
    0.04645789
    0.02033887
    0.04448710
    0.97577224
    1.53571242
    1.05328102
    1.33945271
    1.10359139
    0.99689310
    0.83987693
    1.29029095
   -0.87983544
    1.12351914
    1.17238860
    1.10310159
   -0.24097357
   -0.25341793
   -0.02753193
   -0.21693572
   -0.25820720
   -0.33255204
   -0.36810741
   -0.79657025
   -0.85811204
   -0.88993624
   -1.00204851
   -0.92019143
   -0.80417670
   -0.78935643
   -0.58377851
   -0.46964153
   -0.40552552
   -0.90757222
   -0.89995191
   -0.78030008
   -0.66927247
