           1           2   1.94327065600827     
           2           3   1.00188312515428     
           3           4   1.67815949172976     
           3           5   1.19751486120220     
           4           5  0.174053304051751     
           5           6   1.06763162605674     
           6           7   1.37533718868568     
           7           8   1.38413888301411     
           8           9   1.10474136301923     
           9          10   1.16459598396188     
          10          11   1.32993605505878     
          11          12   1.41640926836887     
          12          13   1.45330774397745     
          13          14   1.35325516722234     
          14          15   1.07656162425300     
          15          16   1.50750752794302     
          16          17   1.22414688073889     
          17          18   1.00316110140040     
          17          19   1.14949354339512     
          19          20   1.33290574494531     
          20          21   1.48057394186240     
          21          22   1.39136663443061     
          20          23  0.125121881685352     
          22          23   1.49074997130918     
          15          24   1.18480074377279     
          19          24   1.26780391459448     
          23          24   1.32943358095332     
          10          25   1.32952186552881     
          14          25   1.37548856562463     
           8          26   1.27879913820562     
          26          27   1.03847565129683     
          27          28  0.981408707495660     
          26          29   1.40070925294918     
           6          30   1.32570075171361     
          29          30   1.38652425429522     
          30          31   1.01791541584964     
          31          32  0.999978660893043     
          31          33  0.985882623410759     
          33          34  0.998542865582288     
          34          35  0.997086166078124     
          35          36   1.01628235845954     
          35          37   1.01300684934488     
           1          38  0.970273348380407     
           1          39  0.975477154615454     
           2          40  0.960345661753964     
           5          41  0.917151559311862     
           7          42  0.947683569383308     
           9          43  0.922645585605801     
          12          44  0.963057375394418     
          13          45  0.966540070185118     
          16          46  0.966774244896941     
          18          47  0.975783255154204     
          18          48  0.981688018461397     
          18          49  0.975834425083898     
          20          50  0.969781853421216     
          21          51  0.971410209424352     
          22          52  0.971147841356500     
          23          53  0.969296987658565     
          28          54  0.979757359098885     
          28          55  0.977496437219118     
          28          56  0.977564742689250     
          29          57  0.962428266347472     
          32          58  0.969017154106094     
          32          59  0.978273909783808     
          32          60  0.983254467781033     
          33          61  0.971234326112260     
          33          62  0.958286742212124     
          34          63  0.972142919624473     
          34          64  0.965774592105256     
          36          65  0.979338523799910     
          36          66  0.974758764549493     
          36          67  0.982574033113398     
          37          68  0.982544958977341     
          37          69  0.976157844254134     
          37          70  0.982953707851137     
          71          72  0.202518428102057     
          72          73  0.188371153585410     
          71          74  0.197693616739715     
          72          75  0.137615627422513     
          72          76  0.137036483374252     
          74          76  0.213516453538200     
          75          76  0.175616670792891     
          71          77  0.332651492133834     
          73          77  0.139593800967399     
          77          78  0.607622960534746     
          73          79  0.371277558541688     
          78          79  0.165802892497164     
          74          80  0.177281082084487     
          78          80  0.140559997965535     
          75          81  0.283597236214928     
          79          81  0.130163041666757     
          78          82  0.147077537432978     
          79          82  0.220585188725611     
          80          82  0.199192820247281     
          81          82  0.210108370567625     
          74          83  0.721453989858068     
          80          83  0.154514010872229     
          75          84  0.151848692705691     
          81          84  0.669387610425785     
          80          86  0.725194988830125     
          83          86   2.73916900405526     
          75          87  0.742863051980766     
          84          87   2.73216792425619     
          75          88  0.157761433532998     
          80          88   1.05919567419654     
          81          88  0.142247934646215     
          85          88   2.00702207815724     
          75          89  0.889634007034091     
          80          89  0.234768740323179     
          81          89  0.653470787959522     
          85          89   1.60488672359437     
          71          90  0.844084000471649     
          74          90  0.706298836241318     
          77          90  0.146855334047032     
          71          91  0.814663093804529     
          72          91  0.753957976225884     
          76          91  0.122620191199398     
          72          92  0.692747141118258     
          73          92  0.598900364437923     
          77          92  0.152122882673797     
          72          93  0.603950224267148     
          74          93  0.561353047497154     
          72          94  0.744405095496125     
          73          94  0.109918363954106     
          75          94  0.602620836775605     
          74          95  0.938394834802805     
          76          95  0.710214296427661     
          75          96  0.774883448931380     
          76          96  0.972561875024657     
          77          97   1.99726852462472     
          78          98  0.753254497281928     
          79          98  0.835768629523524     
          73          99  0.963254536382350     
          79          99  0.763622539763918     
          81          99  0.113611489137361     
          74         100  0.124500141914376     
          77         100  0.111836420048491     
          78         100  0.802473611766145     
          80         100  0.441085941749831     
          78         101  0.714950463724215     
          81         101  0.441906957354152     
          78         102  0.195887680847126     
          80         102  0.614683277085432     
          82         102  0.901046138724154     
          81         103  0.967874804174254     
          82         103  0.733977171472574     
