           1           2   1.95774500198949     
           2           3  0.987890665059360     
           3           4   1.68952574871534     
           3           5   1.19622631565513     
           4           5  0.171354156159583     
           5           6   1.07818379338662     
           6           7   1.36437667897240     
           7           8   1.39469301955022     
           8           9   1.10003225557153     
           9          10   1.18645239335594     
          10          11   1.31712281606175     
          11          12   1.35434807868877     
          12          13   1.49043574135676     
          13          14   1.28571816522959     
          14          15   1.11489771661728     
          15          16   1.47847841849446     
          16          17   1.25050402880840     
          17          18   1.00729184059842     
          17          19   1.14159842900520     
          19          20   1.34298746473949     
          20          21   1.48830670009354     
          21          22   1.37736021533743     
          20          23  0.113862485982339     
          22          23   1.49852809104232     
          15          24   1.17547995235888     
          19          24   1.26098541257436     
          23          24   1.34104706812604     
          10          25   1.30546301493384     
          14          25   1.40094985894817     
           8          26   1.26947103754736     
          26          27   1.03866915250203     
          27          28  0.983886938450755     
          26          29   1.40868314682199     
           6          30   1.33253420461333     
          29          30   1.38750641567139     
          30          31   1.00559639943713     
          31          32   1.00369320144962     
          31          33  0.994436042067712     
          33          34  0.996348083021721     
          34          35   1.00336852752052     
          35          36   1.01768177299585     
          35          37   1.01539752426095     
           1          38  0.969158936686542     
           1          39  0.973937897027644     
           2          40  0.957213204183454     
           5          41  0.914626385179137     
           7          42  0.937616814297982     
           9          43  0.915308363265320     
          12          44  0.894091103916863     
          13          45  0.964637923363988     
          16          46  0.964516238867081     
          18          47  0.972703687248759     
          18          48  0.980281344470967     
          18          49  0.973718988498498     
          20          50  0.968043915888986     
          21          51  0.971896588359473     
          22          52  0.971342705469274     
          23          53  0.964299912200677     
          28          54  0.979139455121321     
          28          55  0.976346735674962     
          28          56  0.976474242176952     
          29          57  0.961411089647992     
          32          58  0.965937503512023     
          32          59  0.977175197944320     
          32          60  0.984847581049650     
          33          61  0.972302694231423     
          33          62  0.952476036868554     
          34          63  0.970688177149892     
          34          64  0.963210009642848     
          36          65  0.977965691621875     
          36          66  0.972314408063341     
          36          67  0.982442342033560     
          37          68  0.982274007817891     
          37          69  0.974207475131731     
          37          70  0.982212209560049     
          71          72  0.196535937502313     
          72          73  0.190273306108409     
          71          74  0.197100853260142     
          72          75  0.138714889470594     
          11          76  0.122931788132281     
          72          76  0.161585665851689     
          74          76  0.220396533915506     
          75          76  0.200139502429992     
          71          77  0.378994647890727     
          73          77  0.130574790383528     
          77          78  0.570390343620855     
          73          79  0.372342421506882     
          78          79  0.166447655641288     
          74          80  0.172328702283448     
          78          80  0.143515079671770     
          75          81  0.282256959173160     
          79          81  0.123029015973304     
          78          82  0.150474717653754     
          79          82  0.226853889533364     
          80          82  0.194262565841244     
          81          82  0.206387648795643     
          74          83  0.725148425040213     
          80          83  0.150158875226187     
          75          84  0.145401087069310     
          81          84  0.676727127963273     
          80          86  0.720883410939324     
          83          86   2.74156814503065     
          75          87  0.739469539928776     
          84          87   2.73220754765149     
          75          88  0.153959318068255     
          80          88   1.06478470502867     
          81          88  0.144140542425981     
          85          88   2.00001968271859     
          75          89  0.868331688061816     
          80          89  0.239059559917490     
          81          89  0.666664566577914     
          85          89   1.61276395372104     
          71          90  0.856785430157077     
          74          90  0.711795459156396     
          77          90  0.131065793695021     
          71          91  0.823961270534501     
          72          91  0.753189937624159     
          76          91  0.107023527539887     
          72          92  0.689125881964598     
          73          92  0.611744590980043     
          77          92  0.142607051038080     
          72          93  0.598610321756796     
          74          93  0.587668909816876     
          72          94  0.753821973375092     
          73          94  0.104790230898648     
          75          94  0.600079025513934     
          74          95  0.926056690361532     
          76          95  0.691942083973614     
          75          96  0.819962412697638     
          76          96  0.946311626778314     
          77          97   1.95534467545230     
          78          98  0.768148019409765     
          79          98  0.813458553419609     
          73          99  0.950215531710917     
          79          99  0.795101154394450     
          81          99  0.102344812142753     
          74         100  0.113751656837096     
          77         100  0.126187024391530     
          78         100  0.801716832983145     
          80         100  0.438973197260788     
          78         101  0.710062606223510     
          81         101  0.455453479401291     
          78         102  0.200611710598311     
          80         102  0.617801959729998     
          82         102  0.886648448897289     
          81         103  0.948254419493844     
          82         103  0.753619430054912     
