    0.02875311
   -0.27587473
    0.12701785
   -0.08428208
    0.10431586
   -0.26950453
    0.14105589
   -0.27211082
    0.16002017
   -0.16074662
    0.07723038
   -0.04970383
   -0.05104842
    0.15568568
   -0.20633136
    0.07892380
   -0.13954020
   -0.06877981
   -0.03266933
   -0.06331043
    0.05835026
   -0.15571523
    0.27127313
   -0.42320920
   -0.08232829
   -0.01188352
    0.00721403
   -0.17872254
    0.00257841
   -0.05792404
   -0.05684220
   -0.06008941
    0.01136966
    0.05207922
    0.06422268
    0.05283887
    0.06451850
    0.04747525
    0.18949439
    0.07591769
    0.07617160
    0.06697849
    0.08518038
    0.19726650
    0.03800472
    0.08442059
    0.01854726
    0.05338391
    0.02646630
    0.03924524
    0.02772600
    0.02943217
    0.02904846
    0.03292843
    0.04300718
    0.03344479
    0.03196307
    0.01245966
    1.05039811
    1.54958399
    1.04796766
    1.37935374
    1.12068454
    1.04303588
    0.88144474
    1.34822701
    1.00827900
    1.09765054
    1.18845356
    1.02628281
   -0.25638255
   -0.25499001
   -0.01911147
   -0.20834538
   -0.22405746
   -0.34492838
   -0.40324634
   -0.84641428
   -0.88084523
   -0.95506544
   -1.00680998
   -0.91235979
   -0.82057332
   -0.79566981
   -0.63491957
   -0.86325737
   -0.79854454
   -0.94555786
   -0.96911090
   -0.81636964
   -0.78019528
