           1           2  0.973891333628037     
           2           3   1.07173593886518     
           3           4   1.45175430281541     
           4           5   1.27923004762622     
           5           6   1.29509709690064     
           6           7   1.46723274759019     
           7           8   1.37223620944465     
           8           9   1.38620175039943     
           9          10   1.12574747193615     
          10          11   1.10886356082191     
          11          12   1.35416272910263     
          12          13   1.44878048624285     
          13          14   1.38725841555736     
          14          15  0.973767581684734     
          14          16   1.34343972587426     
          16          17   1.00012874919659     
          11          18   1.35320934419767     
          13          18  0.101693553151451     
          16          18   1.41459229087848     
           5          19   1.21213942891135     
           9          19   1.23130839643028     
          19          20   1.28822635356861     
           3          21   1.21651262281752     
          20          21   1.43773397766362     
          21          22   1.10374261211744     
          22          23   1.16719050753994     
          22          24  0.146324830749184     
          23          24   1.68272807873959     
          23          25  0.994475490310494     
          25          26   1.81914369123463     
          26          27   1.00447773609213     
          27          28   1.00994705356309     
          28          29  0.999874600723617     
          29          30  0.987775890170194     
          30          31   1.00960097484889     
          31          32   1.00976344932832     
          28          33  0.998074467973588     
          32          33  0.987753928920013     
           1          34  0.975647768805827     
           1          35  0.973886656111258     
           1          36  0.977762092163863     
           4          37  0.958167780373435     
           7          38  0.956550430367806     
          10          39  0.907216361178783     
          12          40  0.962587484363979     
          13          41  0.964165210396912     
          18          42  0.959184946834144     
          20          43  0.934703220359450     
          22          44  0.909696893255361     
          25          45  0.935175095230786     
          26          46  0.865972872478960     
          27          47  0.891080253375186     
          27          48  0.921912821206011     
          29          49  0.968294637012916     
          29          50  0.967564184981632     
          30          51  0.973791421473557     
          30          52  0.974535347275625     
          31          53  0.976560972576748     
          31          54  0.972950223445210     
          32          55  0.973054800578098     
          32          56  0.973866704821802     
          33          57  0.970916626962764     
          33          58  0.968141087155475     
          59          60  0.302532037090446     
          60          61  0.311525994857980     
          59          62  0.195270611801842     
          60          62  0.126726645367502     
          60          63  0.120241011552695     
          61          63  0.198525113052924     
          62          64  0.136512024501822     
          63          64  0.154358682086979     
          59          65  0.566335756234270     
          60          65  0.112934168631763     
          60          66  0.367502813455736     
          61          66  0.104671668445941     
          65          66  0.339834159389279     
          60          67  0.107414627457027     
          61          67  0.594112813985505     
          66          67  0.319080350172359     
          62          68  0.147465740811613     
          65          68  0.195458923861489     
          66          68  0.139202464375821     
          63          69  0.164671229528781     
          66          69  0.131202497159735     
          67          69  0.196527127263587     
          64          70  0.260755199334525     
          68          70  0.159118898741515     
          69          70  0.163914185371482     
          59          71  0.257967490712353     
          60          71  0.266646426850574     
          62          71  0.498100390751605     
          65          71  0.271576565697271     
          66          71  0.283498751269418     
          68          71  0.517977164228319     
          60          72  0.243129608285979     
          61          72  0.290784025860487     
          63          72  0.496898076789087     
          66          72  0.262097329906678     
          67          72  0.289569490914794     
          69          72  0.507240337225648     
          62          73  0.118960611024078     
          63          73  0.152342929911530     
          64          73  0.491313705842594     
          68          73  0.166749363490298     
          69          73  0.174637541009294     
          70          73  0.503854624479083     
          59          74  0.154018671183740     
          62          74  0.643857983810939     
          65          74  0.179689724974887     
          68          74  0.651780126810066     
          71          74  0.884890330079584     
          61          75  0.177890951473436     
          63          75  0.644976493004729     
          67          75  0.184191573034778     
          69          75  0.628695949654413     
          72          75  0.878848190678207     
          64          76  0.412347193399083     
          70          76  0.436562150759117     
          73          76  0.822157894118257     
          74          76  0.243022314665784     
          64          77  0.411290570491585     
          70          77  0.427681895918665     
          73          77  0.823867451414747     
          75          77  0.258187354952527     
          76          77  0.140125101573387     
          59          78   2.00993887696600     
          60          79   1.90974855892499     
          61          80   2.00723989027150     
          62          81   1.72443391347770     
          63          82   1.75888880477844     
          62          83  0.213961623958045     
          64          83   1.12340523295961     
          76          83  0.376034903277806     
          63          84  0.230113722352778     
          64          84   1.11320367133976     
          77          84  0.382449855578923     
          65          85   2.02372161133193     
          66          86   1.90573828599610     
          67          87   2.01944257079686     
          68          88   1.72934734880823     
          69          89   1.73512121092421     
          68          90  0.222138570256806     
          70          90   1.11120925309386     
          76          90  0.393438888075306     
          83          90  0.135466993317480     
          69          91  0.228501011475924     
          70          91   1.09958761876984     
          77          91  0.392241893209053     
          84          91  0.137041794219603     
