           1           2  0.201866884656995     
           2           3  0.188480976046155     
           1           4  0.198126929840356     
           2           5  0.137773174559131     
           2           6  0.136540624991844     
           4           6  0.210236740571830     
           5           6  0.174159927458651     
           1           7  0.331493071866445     
           3           7  0.139898173666361     
           7           8  0.607303058267695     
           3           9  0.371610951949425     
           8           9  0.166187459103660     
           4          10  0.177382202249136     
           8          10  0.140837467962239     
           5          11  0.283804320328185     
           9          11  0.129952164747560     
           8          12  0.147677264618052     
           9          12  0.220735614927524     
          10          12  0.199512390107683     
          11          12  0.210399536073305     
           4          13  0.721370309018269     
          10          13  0.155268852018929     
           5          14  0.152381457040031     
          11          14  0.669811885159235     
          10          16  0.726168865368052     
          13          16   2.73887167369568     
           5          17  0.744069483004684     
          14          17   2.73190993314164     
           5          18  0.160678683992968     
          10          18   1.05734785503508     
          11          18  0.141459535189619     
          15          18   2.00808757285372     
           5          19  0.893608979554286     
          10          19  0.232528440585548     
          11          19  0.653336279572686     
          15          19   1.60354515727323     
           1          20  0.845536640445282     
           4          20  0.706601090317427     
           7          20  0.147147981021795     
           1          21  0.814798761800130     
           2          21  0.752344745538795     
           6          21  0.122914050052120     
           2          22  0.692617509350800     
           3          22  0.598641373700325     
           7          22  0.152420784462384     
           2          23  0.604937873357862     
           4          23  0.562049237735706     
           2          24  0.747151483964679     
           3          24  0.109972839751495     
           5          24  0.600976188653057     
           4          25  0.938311767343148     
           6          25  0.711407028969946     
           5          26  0.771744767777229     
           6          26  0.976884416997922     
           7          27   1.99715854401556     
           8          28  0.753148483405524     
           9          28  0.835300908648034     
           3          29  0.963257691264366     
           9          29  0.763989010405968     
          11          29  0.113574918557005     
           4          30  0.124244725803850     
           7          30  0.111890788898148     
           8          30  0.802343085804954     
          10          30  0.441550829985397     
           8          31  0.715227656137900     
          11          31  0.441623448066767     
           8          32  0.195918857150066     
          10          32  0.614908497112278     
          12          32  0.900641071017463     
          11          33  0.968228562631135     
          12          33  0.734092100491269     
