   -0.04631234
   -0.10481086
   -0.05560669
    0.26142763
   -0.43225346
    0.01752027
   -0.07969646
   -0.03675763
    0.06553542
   -0.28312951
    0.22822239
   -0.14420657
    0.14741285
   -0.06154736
   -0.04312352
    0.04959650
   -0.10331031
   -0.00332210
    0.00430647
   -0.25957404
    0.01045124
   -0.00279223
    0.02570403
   -0.26281583
   -0.31823544
    0.14100247
   -0.03631825
    0.03232538
   -0.06232207
   -0.05834939
   -0.06112805
   -0.06333948
    0.04930934
    0.05129764
    0.08267040
    0.05767325
    0.05519743
    0.05760893
    0.03611491
    0.04676792
    0.20896483
    0.06533914
    0.03458986
    0.04511104
    0.03802029
    0.04022902
    0.04831017
    0.13986174
    0.02423656
    0.04689620
    0.04788094
    0.05177490
    0.03875189
    0.06540850
    0.02844303
    0.04142442
    0.03450064
    0.03698116
    0.05606102
    0.03405471
    0.03408219
    0.05966055
    1.06599179
    1.51746758
    1.11858719
    1.36829756
    1.13958628
    1.05451944
    0.90987277
    1.30144677
   -0.92979434
    1.12078110
    1.21492112
    1.12212948
   -0.24211866
   -0.21120804
   -0.00965651
   -0.19153234
   -0.20907780
   -0.30814335
   -0.35995372
   -0.82563189
   -0.85841037
   -0.89639040
   -0.99497150
   -0.88281208
   -0.80695401
   -0.78040304
   -0.57566003
   -0.40696844
   -0.37112168
   -0.90818062
   -0.86865663
   -0.77249349
   -0.64523781
