           1           2  0.997777516825625     
           2           3   1.00788223837346     
           2           4   1.19756765442472     
           2           5  0.201310744135252     
           4           5   1.65727976729802     
           4           6   1.01562961741795     
           6           7   1.48115484140344     
           7           8   1.24947446794222     
           8           9   1.32355906535968     
           9          10   1.46867319737187     
          10          11   1.29489340684567     
          11          12   1.16211760633797     
          12          13   1.16029412978063     
          13          14   1.29637918136867     
          14          15   1.49769110821296     
          15          16   1.30299278545697     
          16          17   1.17760566018560     
          17          18  0.987337560568082     
          18          19  0.987779282398172     
          19          20   1.01685021326238     
          20          21   1.00442761635952     
          17          22  0.989359304114195     
          21          22   1.00157664368258     
          16          23   1.30051193429850     
          13          24   1.32023107585530     
          23          24   1.46579472516854     
          11          25   1.33413369996516     
           8          26   1.20258200104967     
          25          26   1.34747917393349     
           6          27   1.18437042243295     
          26          27   1.18450857128878     
          27          28  0.968958543446562     
          28          29  0.982634934771510     
          29          30   1.00646730364038     
          30          31   1.00684723563576     
          28          32  0.973694961279346     
          31          32   1.00470597816900     
           1          33  0.974367047607655     
           1          34  0.978094645430047     
           1          35  0.974977341452093     
           3          36  0.894732869476360     
           3          37  0.957929736233107     
           3          38  0.954702536952361     
           7          39  0.967175162796057     
           9          40  0.956034373898342     
          12          41  0.903536665729607     
          14          42  0.952291596664986     
          15          43  0.963374234837695     
          18          44  0.963363097770383     
          18          45  0.962289239883272     
          19          46  0.974914114183248     
          19          47  0.970993803204943     
          20          48  0.960599067464946     
          21          49  0.975854638545074     
          21          50  0.970112562598805     
          22          51  0.959233113798654     
          22          52  0.966730419842363     
          23          53  0.959554956123144     
          28          54  0.954590123773824     
          29          55  0.958008191986419     
          29          56  0.971769625230327     
          30          57  0.978425840836760     
          30          58  0.978365404216693     
          31          59  0.977894961844377     
          31          60  0.979738160251832     
          32          61  0.981194883878446     
          32          62  0.975991661359946     
          63          64  0.297418591387341     
          64          65  0.304776294248006     
          63          66  0.192576798329267     
          64          66  0.122562007834676     
          64          67  0.124776174595064     
          65          67  0.196021962703526     
          66          68  0.147128216066129     
          67          68  0.146502596020123     
          63          69  0.569535058232667     
          64          69  0.114514079773119     
          64          70  0.379783777179265     
          65          70  0.106818047195108     
          69          70  0.333115416590345     
          64          71  0.108571593917414     
          65          71  0.586719059160360     
          70          71  0.323534057598054     
          66          72  0.168880112702245     
          69          72  0.196816403342269     
          70          72  0.133698161552886     
          67          73  0.173097878474925     
          70          73  0.127392284174121     
          71          73  0.197529354621304     
          68          74  0.268758119673154     
          72          74  0.150590554290481     
          73          74  0.154774393029586     
          63          75  0.234030798774303     
          64          75  0.267650370601373     
          66          75  0.508880208409329     
          69          75  0.278830694954596     
          70          75  0.269406204380619     
          72          75  0.517213205890050     
          64          76  0.248037844256805     
          65          76  0.267045565752719     
          67          76  0.518787769265321     
          70          76  0.256739851303714     
          71          76  0.275453379989975     
          73          76  0.520342935466358     
          66          77  0.143593900754587     
          67          77  0.150854907200460     
          68          77  0.494031726193533     
          72          77  0.159247818487910     
          73          77  0.163340065954445     
          74          77  0.502331555120497     
          63          78  0.174739952193608     
          66          78  0.661826885353741     
          69          78  0.174003812153814     
          72          78  0.649812824432086     
          75          78  0.885339026764727     
          65          79  0.172466459547579     
          67          79  0.650783186421748     
          71          79  0.175727927228355     
          73          79  0.641840135892040     
          76          79  0.891540387990295     
          68          80  0.422539328174344     
          74          80  0.433348888057504     
          77          80  0.822155971893678     
          78          80  0.226803447178872     
          68          81  0.422319556250751     
          74          81  0.430457615825759     
          77          81  0.822875004024764     
          79          81  0.239163141231181     
          80          81  0.133471415981960     
          63          82   2.00612187814454     
          64          83   1.90797164124190     
          65          84   2.02232628585514     
          66          85   1.75032573700275     
          67          86   1.74983794080603     
          66          87  0.225281158723427     
          68          87   1.12163615826249     
          80          87  0.366407662256164     
          67          88  0.224889825984027     
          68          88   1.12524147843481     
          81          88  0.368147544795684     
          69          89   2.02265057000701     
          70          90   1.90936485333874     
          71          91   2.02311770418004     
          72          92   1.74355477849988     
          73          93   1.74605951089499     
          72          94  0.221449928323906     
          74          94   1.11275423486891     
          80          94  0.400475562783449     
          87          94  0.129474725140514     
          73          95  0.223120813843214     
          74          95   1.10915379674117     
          81          95  0.399812716025797     
          88          95  0.129532566661159     
