   -0.42358125
    0.26019054
   -0.10475665
   -0.06334460
   -0.07571719
   -0.08819720
   -0.07595928
   -0.10715597
    0.28204675
   -0.27913812
   -0.13630161
    0.08420505
   -0.04530235
   -0.03012736
   -0.03597188
   -0.03039422
   -0.05137552
   -0.07970594
   -0.36174573
    0.06962838
    0.07161488
    0.05837974
    0.05905382
    0.05125360
    0.03994491
    0.09887287
    0.09802026
    0.08882310
    0.13874559
    0.08569946
    0.10191516
    0.20130914
    0.09339698
    0.05088990
    0.04344368
    0.04589397
    0.04490850
    0.18767570
    0.33974408
    0.79408268
    0.75010816
    0.79241088
    1.03753260
    1.03410299
    1.05728495
    0.81624968
    0.77217639
    0.81625667
    1.06513534
    1.06515284
    1.08361827
   -0.73791191
   -0.73875780
   -0.58147223
   -0.40156466
   -0.40221821
   -0.32986720
   -0.32867414
   -0.54045393
   -0.57943879
   -0.53838181
   -0.64890143
   -0.64628869
   -0.53377892
   -0.59042068
   -0.53800943
   -0.57585820
   -0.53609828
   -0.65721438
   -0.65554763
   -0.56612815
   -0.56400620
