           1           2   1.68591956641793     
           2           3  0.973284198274390     
           3           4   1.00705792946390     
           4           5   1.00714344860158     
           5           6   1.00637737567720     
           6           7   1.00802544406439     
           7           8   1.00728501358222     
           8           9  0.969999728536083     
           9          10   1.72037897906769     
           9          11   1.18527144911094     
          10          11  0.165869134293809     
          11          12   1.06766981621802     
          12          13   1.36717480488197     
          13          14   1.45152482853209     
          14          15   1.43210157117269     
          13          16  0.109983434263945     
          15          16   1.43846867740112     
          12          17   1.37935497819172     
          14          17  0.108324474544894     
          16          17   1.44246847489019     
           1          18  0.189384991052151     
           2          18   1.21826781034964     
          18          19  0.996656203980688     
           3          20  0.954821172835505     
           3          21  0.957411685912553     
           4          22  0.973880958876546     
           4          23  0.973433934701826     
           5          24  0.973530196164398     
           5          25  0.972997333418899     
           6          26  0.943337559728924     
           6          27  0.974674432200867     
           7          28  0.970852187252124     
           7          29  0.971552564592830     
           8          30  0.957880867397820     
           8          31  0.932941719596752     
          11          32  0.937161612117953     
          13          33  0.967735723644424     
          14          34  0.971260389327822     
          15          35  0.970987110089313     
          16          36  0.971012815074812     
          17          37  0.961778709482719     
          18          38  0.935429749974180     
          19          39  0.848883401246472     
          40          41  0.204472178539110     
          41          42  0.185947614001100     
          40          43  0.201620874474215     
          41          44  0.138267644013456     
          41          45  0.131048305309155     
          43          45  0.196027211900912     
          44          45  0.174196276028796     
          40          46  0.333077722310539     
          42          46  0.140911472542283     
          46          47  0.609737847167399     
          42          48  0.372479856211949     
          47          48  0.165759788937009     
          43          49  0.178730321928569     
          47          49  0.141548242716592     
          44          50  0.282579646243368     
          48          50  0.130486456317472     
          47          51  0.147571689189221     
          48          51  0.221039798948894     
          49          51  0.198631492888639     
          50          51  0.210945564741983     
          43          52  0.719114549779600     
          49          52  0.157460129786003     
          44          53  0.153207114139033     
          50          53  0.667469593712721     
          49          55  0.728631316466463     
          52          55   2.73883818745299     
          44          56  0.743991642796215     
          53          56   2.73228937101455     
          44          57  0.162559632641470     
          49          57   1.05592506746198     
          50          57  0.140398710653331     
          54          57   2.00938006512456     
          44          58  0.893981581196567     
          49          58  0.230049070280244     
          50          58  0.653220880693744     
          54          58   1.60306530572608     
          40          59  0.848060347513266     
          43          59  0.699187092616198     
          46          59  0.148254688780093     
          40          60  0.812232001249887     
          41          60  0.751253044561936     
          45          60  0.123365550174892     
          41          61  0.685865501680645     
          42          61  0.601296004238476     
          46          61  0.153050460332132     
          41          62  0.612947932706800     
          43          62  0.566990923386674     
          41          63  0.743652023754843     
          42          63  0.110272856672226     
          44          63  0.600768847796945     
          43          64  0.949647866001766     
          45          64  0.688234320130651     
          44          65  0.765030226671287     
          45          65  0.977798462940080     
          46          66   1.99461509621060     
          47          67  0.749567926156834     
          48          67  0.836115905301011     
          42          68  0.959877614809328     
          48          68  0.764383718655940     
          50          68  0.113642912531790     
          43          69  0.121380285080166     
          46          69  0.112209481094485     
          47          69  0.803718628552285     
          49          69  0.442592022934919     
          47          70  0.714015351736452     
          50          70  0.443459249226046     
          47          71  0.195561542604653     
          49          71  0.611485787219617     
          51          71  0.902430065802559     
          50          72  0.967921046834843     
          51          72  0.732488757022799     
