&CONTROL
  calculation = 'relax'
  prefix = 'c_Carmustine'
  outdir = './tmp'
  pseudo_dir = '/home/andres/pseudo/SSSP_1.3.0_PBE_efficiency'
  forc_conv_thr = 2.0d-3
  etot_conv_thr = 1.0d-4
  nstep = 200
/
&SYSTEM
  ibrav = 0
  nat = 133
  ntyp = 6
  ecutwfc = 50
  ecutrho = 400
  occupations = 'smearing'
  smearing = 'mv'
  degauss = 0.01
  vdw_corr = 'dft-d3'
  nosym = .true.
/
&ELECTRONS
  conv_thr = 1.0d-7
  mixing_beta = 0.1
  mixing_mode = 'local-TF'
  mixing_ndim = 16
  electron_maxstep = 300
/
&IONS
  ion_dynamics = 'bfgs'
  trust_radius_ini = 0.2
  pot_extrapolation = 'second_order'
  wfc_extrapolation = 'second_order'
/
ATOMIC_SPECIES
  Ti 47.867 ti_pbe_v1.4.uspp.F.UPF
  C 12.011 C.pbe-n-kjpaw_psl.1.0.0.UPF
  O 15.999 O.pbe-n-kjpaw_psl.0.1.UPF
  N 14.007 N.pbe-n-radius_5.UPF
  H 1.008 H.pbe-rrkjus_psl.1.0.0.UPF
  Cl 35.45 cl_pbe_v1.4.uspp.F.UPF
CELL_PARAMETERS angstrom
  12.12000000 0.00000000 0.00000000
  6.06000000 10.49622789 0.00000000
  0.00000000 0.00000000 26.60000000
ATOMIC_POSITIONS angstrom
  Ti 0.000000 0.000000 13.300000  0 0 0
  C 1.515000 0.874686 14.450000  0 0 0
  C 3.030000 1.749371 12.150000  0 0 0
  Ti 3.030000 1.749371 15.630000
  Ti 1.515000 0.874686 10.970000  0 0 0
  O 0.000000 0.000000 16.600000
  O 0.000000 0.000000 10.000000  0 0 0
  Ti 1.515000 2.624057 13.300000  0 0 0
  C 3.030000 3.498743 14.450000  0 0 0
  C 4.545000 4.373428 12.150000  0 0 0
  Ti 4.545000 4.373428 15.630000
  Ti 3.030000 3.498743 10.970000  0 0 0
  O 1.515000 2.624057 16.600000
  O 1.515000 2.624057 10.000000  0 0 0
  Ti 3.030000 5.248114 13.300000  0 0 0
  C 4.545000 6.122800 14.450000  0 0 0
  C 6.060000 6.997485 12.150000  0 0 0
  Ti 6.060000 6.997485 15.630000
  Ti 4.545000 6.122800 10.970000  0 0 0
  O 3.030000 5.248114 16.600000
  O 3.030000 5.248114 10.000000  0 0 0
  Ti 4.545000 7.872171 13.300000  0 0 0
  C 6.060000 8.746857 14.450000  0 0 0
  C 7.575000 9.621542 12.150000  0 0 0
  Ti 7.575000 9.621542 15.630000
  Ti 6.060000 8.746857 10.970000  0 0 0
  O 4.545000 7.872171 16.600000
  O 4.545000 7.872171 10.000000  0 0 0
  Ti 3.030000 0.000000 13.300000  0 0 0
  C 4.545000 0.874686 14.450000  0 0 0
  C 6.060000 1.749371 12.150000  0 0 0
  Ti 6.060000 1.749371 15.630000
  Ti 4.545000 0.874686 10.970000  0 0 0
  O 3.030000 0.000000 16.600000
  O 3.030000 0.000000 10.000000  0 0 0
  Ti 4.545000 2.624057 13.300000  0 0 0
  C 6.060000 3.498743 14.450000  0 0 0
  C 7.575000 4.373428 12.150000  0 0 0
  Ti 7.575000 4.373428 15.630000
  Ti 6.060000 3.498743 10.970000  0 0 0
  O 4.545000 2.624057 16.600000
  O 4.545000 2.624057 10.000000  0 0 0
  Ti 6.060000 5.248114 13.300000  0 0 0
  C 7.575000 6.122800 14.450000  0 0 0
  C 9.090000 6.997485 12.150000  0 0 0
  Ti 9.090000 6.997485 15.630000
  Ti 7.575000 6.122800 10.970000  0 0 0
  O 6.060000 5.248114 16.600000
  O 6.060000 5.248114 10.000000  0 0 0
  Ti 7.575000 7.872171 13.300000  0 0 0
  C 9.090000 8.746857 14.450000  0 0 0
  C 10.605000 9.621542 12.150000  0 0 0
  Ti 10.605000 9.621542 15.630000
  Ti 9.090000 8.746857 10.970000  0 0 0
  O 7.575000 7.872171 16.600000
  O 7.575000 7.872171 10.000000  0 0 0
  Ti 6.060000 0.000000 13.300000  0 0 0
  C 7.575000 0.874686 14.450000  0 0 0
  C 9.090000 1.749371 12.150000  0 0 0
  Ti 9.090000 1.749371 15.630000
  Ti 7.575000 0.874686 10.970000  0 0 0
  O 6.060000 0.000000 16.600000
  O 6.060000 0.000000 10.000000  0 0 0
  Ti 7.575000 2.624057 13.300000  0 0 0
  C 9.090000 3.498743 14.450000  0 0 0
  C 10.605000 4.373428 12.150000  0 0 0
  Ti 10.605000 4.373428 15.630000
  Ti 9.090000 3.498743 10.970000  0 0 0
  O 7.575000 2.624057 16.600000
  O 7.575000 2.624057 10.000000  0 0 0
  Ti 9.090000 5.248114 13.300000  0 0 0
  C 10.605000 6.122800 14.450000  0 0 0
  C 12.120000 6.997485 12.150000  0 0 0
  Ti 12.120000 6.997485 15.630000
  Ti 10.605000 6.122800 10.970000  0 0 0
  O 9.090000 5.248114 16.600000
  O 9.090000 5.248114 10.000000  0 0 0
  Ti 10.605000 7.872171 13.300000  0 0 0
  C 12.120000 8.746857 14.450000  0 0 0
  C 13.635000 9.621542 12.150000  0 0 0
  Ti 13.635000 9.621542 15.630000
  Ti 12.120000 8.746857 10.970000  0 0 0
  O 10.605000 7.872171 16.600000
  O 10.605000 7.872171 10.000000  0 0 0
  Ti 9.090000 0.000000 13.300000  0 0 0
  C 10.605000 0.874686 14.450000  0 0 0
  C 12.120000 1.749371 12.150000  0 0 0
  Ti 12.120000 1.749371 15.630000
  Ti 10.605000 0.874686 10.970000  0 0 0
  O 9.090000 0.000000 16.600000
  O 9.090000 0.000000 10.000000  0 0 0
  Ti 10.605000 2.624057 13.300000  0 0 0
  C 12.120000 3.498743 14.450000  0 0 0
  C 13.635000 4.373428 12.150000  0 0 0
  Ti 13.635000 4.373428 15.630000
  Ti 12.120000 3.498743 10.970000  0 0 0
  O 10.605000 2.624057 16.600000
  O 10.605000 2.624057 10.000000  0 0 0
  Ti 12.120000 5.248114 13.300000  0 0 0
  C 13.635000 6.122800 14.450000  0 0 0
  C 15.150000 6.997485 12.150000  0 0 0
  Ti 15.150000 6.997485 15.630000
  Ti 13.635000 6.122800 10.970000  0 0 0
  O 12.120000 5.248114 16.600000
  O 12.120000 5.248114 10.000000  0 0 0
  Ti 13.635000 7.872171 13.300000  0 0 0
  C 15.150000 8.746857 14.450000  0 0 0
  C 16.665000 9.621542 12.150000  0 0 0
  Ti 16.665000 9.621542 15.630000
  Ti 15.150000 8.746857 10.970000  0 0 0
  O 13.635000 7.872171 16.600000
  O 13.635000 7.872171 10.000000  0 0 0
  O 6.742037 3.083082 20.297457
  N 7.905646 3.377003 20.588507
  N 8.009553 4.555560 21.508177
  C 6.794262 5.230919 21.955165
  C 6.172765 6.127922 20.887180
  Cl 7.229701 7.495461 20.454727
  C 9.255569 4.996878 21.942769
  O 9.400729 5.905006 22.761510
  N 10.346201 4.337804 21.414345
  C 11.697121 4.785150 21.713480
  C 12.093999 6.055119 20.962555
  Cl 12.110430 5.768711 19.200000
  H 6.071928 4.465941 22.264329
  H 7.007539 5.824681 22.851682
  H 5.233741 6.551376 21.255944
  H 5.959238 5.578921 19.966034
  H 10.216002 3.900344 20.511247
  H 12.372199 3.959582 21.463479
  H 11.771553 4.962577 22.792245
  H 11.399568 6.877628 21.155307
  H 13.100218 6.370725 21.252566
K_POINTS gamma
